accuracy,client,client_trust_score,client_score
83.20833333333333,0,0.1,0.1
83.20833333333333,1,0.1,0.1
83.20833333333333,2,0.1,0.1
83.20833333333333,3,0.1,0.1
83.20833333333333,4,0.1,0.1
83.20833333333333,5,0.1,0.1
83.20833333333333,6,0.1,0.1
83.20833333333333,7,0.1,0.1
83.20833333333333,8,0.1,0.1
83.20833333333333,9,0.1,0.1
91.45833333333333,0,0.1,0.1
91.45833333333333,1,0.1,0.1
91.45833333333333,2,0.1,0.1
91.45833333333333,3,0.1,0.1
91.45833333333333,4,0.1,0.1
91.45833333333333,5,0.1,0.1
91.45833333333333,6,0.1,0.1
91.45833333333333,7,0.1,0.1
91.45833333333333,8,0.1,0.1
91.45833333333333,9,0.1,0.1
93.41666666666667,0,0.1,0.1
93.41666666666667,1,0.1,0.1
93.41666666666667,2,0.1,0.1
93.41666666666667,3,0.1,0.1
93.41666666666667,4,0.1,0.1
93.41666666666667,5,0.1,0.1
93.41666666666667,6,0.1,0.1
93.41666666666667,7,0.1,0.1
93.41666666666667,8,0.1,0.1
93.41666666666667,9,0.1,0.1
