client,epoch,loss,training_accuracy,epsilon,delta
Client 0,0,2.2436389923095703,25.29824561403509,,
Client 0,1,2.0819315910339355,38.45614035087719,,
Client 0,2,1.8928003311157227,46.56140350877193,,
Client 0,3,1.677257776260376,47.56140350877193,,
Client 0,4,1.3781688213348389,46.73684210526316,,
Client 0,5,1.1756832599639893,49.666666666666664,,
Client 0,6,1.0349273681640625,51.14035087719298,,
Client 0,7,0.8635944128036499,51.75438596491228,,
Client 0,8,0.731749415397644,52.473684210526315,,
Client 0,9,0.6400229334831238,53.3859649122807,,
Client 0,10,0.6897293329238892,54.49122807017544,,
Client 0,11,0.6617071032524109,54.36842105263158,,
Client 0,12,0.5008165240287781,54.70175438596491,,
Client 0,13,0.5665125846862793,54.89473684210526,,
Client 0,14,0.5861223936080933,55.31578947368421,,
Client 0,15,0.5030868053436279,55.45614035087719,,
Client 0,16,0.5293332934379578,56.175438596491226,,
Client 0,17,0.5468474626541138,56.07017543859649,,
Client 0,18,0.43638095259666443,56.228070175438596,,
Client 0,19,0.4635157585144043,56.333333333333336,,
Client 0,20,0.3758648633956909,56.6140350877193,,
Client 0,21,0.4536120295524597,56.91228070175438,,
Client 0,22,0.42787498235702515,56.59649122807018,,
Client 0,23,0.35737571120262146,56.666666666666664,,
Client 0,24,0.3733461797237396,56.75438596491228,,
Client 0,25,0.4103735387325287,56.771929824561404,,
Client 0,26,0.4018099904060364,56.94736842105263,,
Client 0,27,0.41224732995033264,57.21052631578947,,
Client 0,28,0.4430568814277649,57.10526315789474,,
Client 0,29,0.36633920669555664,57.526315789473685,,
Client 0,30,0.3666655123233795,57.45614035087719,,
Client 0,31,0.3799284100532532,57.578947368421055,,
Client 0,32,0.3013419508934021,57.64912280701754,,
Client 0,33,0.40369081497192383,57.68421052631579,,
Client 0,34,0.35082560777664185,57.473684210526315,,
Client 0,35,0.27617231011390686,57.98245614035088,,
Client 0,36,0.3645172715187073,58.01754385964912,,
Client 0,37,0.3225952982902527,57.75438596491228,,
Client 0,38,0.3123505711555481,57.719298245614034,,
Client 0,39,0.35264748334884644,57.824561403508774,,
Client 0,40,0.3656241297721863,58.280701754385966,,
Client 0,41,0.2819173336029053,58.421052631578945,,
Client 0,42,0.31653979420661926,58.31578947368421,,
Client 0,43,0.2727065086364746,58.578947368421055,,
Client 0,44,0.36709243059158325,58.64912280701754,,
Client 0,45,0.3399524986743927,58.45614035087719,,
Client 0,46,0.24040921032428741,58.19298245614035,,
Client 0,47,0.2713812291622162,58.421052631578945,,
Client 0,48,0.3464590609073639,58.526315789473685,,
Client 0,49,0.2557188868522644,58.19298245614035,,
Client 1,0,2.2547316551208496,35.35087719298246,,
Client 1,1,2.074370861053467,42.473684210526315,,
Client 1,2,1.8680187463760376,44.26315789473684,,
Client 1,3,1.6760368347167969,47.3859649122807,,
Client 1,4,1.4189037084579468,48.78947368421053,,
Client 1,5,1.2262521982192993,51.12280701754386,,
Client 1,6,0.9693019986152649,49.85964912280702,,
Client 1,7,0.800450325012207,51.666666666666664,,
Client 1,8,0.7326545119285583,52.68421052631579,,
Client 1,9,0.6514924764633179,53.578947368421055,,
Client 1,10,0.5602853894233704,54.05263157894737,,
Client 1,11,0.6701890230178833,54.10526315789474,,
Client 1,12,0.6444901823997498,55.175438596491226,,
Client 1,13,0.5175483822822571,55.43859649122807,,
Client 1,14,0.471804141998291,55.49122807017544,,
Client 1,15,0.5431677103042603,55.64912280701754,,
Client 1,16,0.4976356625556946,56.1578947368421,,
Client 1,17,0.4755968153476715,55.98245614035088,,
Client 1,18,0.4230584502220154,55.49122807017544,,
Client 1,19,0.4037753939628601,56.43859649122807,,
Client 1,20,0.4414488673210144,56.56140350877193,,
Client 1,21,0.3997436463832855,56.526315789473685,,
Client 1,22,0.42126184701919556,56.666666666666664,,
Client 1,23,0.48980990052223206,57.05263157894737,,
Client 1,24,0.40427154302597046,57.21052631578947,,
Client 1,25,0.3805306553840637,57.36842105263158,,
Client 1,26,0.46392622590065,57.26315789473684,,
Client 1,27,0.3997892439365387,57.3859649122807,,
Client 1,28,0.3793789744377136,57.666666666666664,,
Client 1,29,0.3383346199989319,56.719298245614034,,
Client 1,30,0.40188831090927124,57.56140350877193,,
Client 1,31,0.3905888795852661,57.63157894736842,,
Client 1,32,0.30385828018188477,57.578947368421055,,
Client 1,33,0.3046034872531891,57.98245614035088,,
Client 1,34,0.3748953938484192,57.91228070175438,,
Client 1,35,0.3839088976383209,58.12280701754386,,
Client 1,36,0.30961742997169495,58.0,,
Client 1,37,0.35268568992614746,58.21052631578947,,
Client 1,38,0.355132520198822,58.12280701754386,,
Client 1,39,0.3294752240180969,58.36842105263158,,
Client 1,40,0.35815203189849854,57.96491228070175,,
Client 1,41,0.2615047097206116,58.0,,
Client 1,42,0.33733871579170227,58.175438596491226,,
Client 1,43,0.28642600774765015,58.43859649122807,,
Client 1,44,0.3117952346801758,58.54385964912281,,
Client 1,45,0.295562207698822,58.666666666666664,,
Client 1,46,0.3547968566417694,58.719298245614034,,
Client 1,47,0.31050822138786316,58.719298245614034,,
Client 1,48,0.24494346976280212,58.824561403508774,,
Client 1,49,0.3092842102050781,58.63157894736842,,
Client 2,0,2.2322542667388916,21.31578947368421,,
Client 2,1,2.0802087783813477,38.228070175438596,,
Client 2,2,1.8674299716949463,42.91228070175438,,
Client 2,3,1.5921413898468018,46.228070175438596,,
Client 2,4,1.415267825126648,48.14035087719298,,
Client 2,5,1.142155408859253,49.12280701754386,,
Client 2,6,0.9910651445388794,52.14035087719298,,
Client 2,7,0.7988386154174805,52.63157894736842,,
Client 2,8,0.7432960271835327,53.578947368421055,,
Client 2,9,0.6335494518280029,53.92982456140351,,
Client 2,10,0.5841383934020996,54.59649122807018,,
Client 2,11,0.5926666855812073,54.73684210526316,,
Client 2,12,0.498676061630249,55.40350877192982,,
Client 2,13,0.4912368357181549,55.26315789473684,,
Client 2,14,0.5297333002090454,55.85964912280702,,
Client 2,15,0.6006439328193665,55.92982456140351,,
Client 2,16,0.43895620107650757,56.08771929824562,,
Client 2,17,0.4759337306022644,56.526315789473685,,
Client 2,18,0.4049854278564453,56.85964912280702,,
Client 2,19,0.3588663935661316,57.228070175438596,,
Client 2,20,0.3874484598636627,57.40350877192982,,
Client 2,21,0.31018346548080444,57.24561403508772,,
Client 2,22,0.41203776001930237,56.96491228070175,,
Client 2,23,0.31743907928466797,57.280701754385966,,
Client 2,24,0.34675994515419006,57.50877192982456,,
Client 2,25,0.383739173412323,57.68421052631579,,
Client 2,26,0.37895870208740234,57.78947368421053,,
Client 2,27,0.43083682656288147,57.64912280701754,,
Client 2,28,0.3585364818572998,57.49122807017544,,
Client 2,29,0.3284359276294708,57.91228070175438,,
Client 2,30,0.33221617341041565,58.333333333333336,,
Client 2,31,0.27615103125572205,58.333333333333336,,
Client 2,32,0.2760850787162781,57.80701754385965,,
Client 2,33,0.3211558163166046,58.333333333333336,,
Client 2,34,0.29366007447242737,58.473684210526315,,
Client 2,35,0.3165435194969177,58.54385964912281,,
Client 2,36,0.3439529240131378,58.70175438596491,,
Client 2,37,0.28232064843177795,58.719298245614034,,
Client 2,38,0.37718749046325684,58.35087719298246,,
Client 2,39,0.29582756757736206,58.19298245614035,,
Client 2,40,0.24597354233264923,58.98245614035088,,
Client 2,41,0.3331427574157715,58.68421052631579,,
Client 2,42,0.22337689995765686,58.8421052631579,,
Client 2,43,0.2507929801940918,59.0,,
Client 2,44,0.2208491861820221,58.70175438596491,,
Client 2,45,0.2987934648990631,58.91228070175438,,
Client 2,46,0.25771766901016235,58.92982456140351,,
Client 2,47,0.2902548313140869,59.40350877192982,,
Client 2,48,0.26714080572128296,59.280701754385966,,
Client 2,49,0.32599133253097534,58.87719298245614,,
Client 3,0,2.238475799560547,24.54385964912281,,
Client 3,1,2.086390972137451,45.56140350877193,,
Client 3,2,1.8640254735946655,42.80701754385965,,
Client 3,3,1.691803216934204,47.87719298245614,,
Client 3,4,1.414259910583496,49.6140350877193,,
Client 3,5,1.1559021472930908,50.3859649122807,,
Client 3,6,1.0082342624664307,51.666666666666664,,
Client 3,7,0.8985905647277832,52.40350877192982,,
Client 3,8,0.672208309173584,51.98245614035088,,
Client 3,9,0.5974918603897095,53.03508771929825,,
Client 3,10,0.612747311592102,54.526315789473685,,
Client 3,11,0.562294602394104,54.1578947368421,,
Client 3,12,0.5539668202400208,55.31578947368421,,
Client 3,13,0.5049951076507568,55.6140350877193,,
Client 3,14,0.5135430693626404,55.36842105263158,,
Client 3,15,0.47221383452415466,55.73684210526316,,
Client 3,16,0.4582746624946594,55.73684210526316,,
Client 3,17,0.48972854018211365,56.35087719298246,,
Client 3,18,0.5310627818107605,56.824561403508774,,
Client 3,19,0.3861379623413086,56.824561403508774,,
Client 3,20,0.3275940716266632,57.03508771929825,,
Client 3,21,0.3759377598762512,57.35087719298246,,
Client 3,22,0.34363052248954773,57.01754385964912,,
Client 3,23,0.3552328050136566,57.19298245614035,,
Client 3,24,0.40712183713912964,57.719298245614034,,
Client 3,25,0.339945912361145,57.24561403508772,,
Client 3,26,0.4067714810371399,57.666666666666664,,
Client 3,27,0.3639053404331207,57.666666666666664,,
Client 3,28,0.43368062376976013,57.73684210526316,,
Client 3,29,0.3775511682033539,57.68421052631579,,
Client 3,30,0.3946889042854309,58.07017543859649,,
Client 3,31,0.3062061667442322,57.89473684210526,,
Client 3,32,0.2550683915615082,58.05263157894737,,
Client 3,33,0.3276706635951996,57.92982456140351,,
Client 3,34,0.31152018904685974,58.175438596491226,,
Client 3,35,0.3313977122306824,58.24561403508772,,
Client 3,36,0.2869907021522522,58.1578947368421,,
Client 3,37,0.33047348260879517,58.40350877192982,,
Client 3,38,0.2874809503555298,58.24561403508772,,
Client 3,39,0.33310872316360474,58.333333333333336,,
Client 3,40,0.2946770489215851,58.421052631578945,,
Client 3,41,0.36269423365592957,58.719298245614034,,
Client 3,42,0.26294976472854614,58.50877192982456,,
Client 3,43,0.23816260695457458,58.473684210526315,,
Client 3,44,0.24214358627796173,58.78947368421053,,
Client 3,45,0.20797371864318848,58.92982456140351,,
Client 3,46,0.2761591970920563,58.96491228070175,,
Client 3,47,0.2945823669433594,59.08771929824562,,
Client 3,48,0.2183992862701416,58.89473684210526,,
Client 3,49,0.28494399785995483,58.96491228070175,,
Client 4,0,2.2336552143096924,32.49122807017544,,
Client 4,1,2.0936272144317627,44.666666666666664,,
Client 4,2,1.8528121709823608,44.45614035087719,,
Client 4,3,1.5845381021499634,45.40350877192982,,
Client 4,4,1.4173728227615356,49.14035087719298,,
Client 4,5,1.1717784404754639,48.70175438596491,,
Client 4,6,0.9832208752632141,51.31578947368421,,
Client 4,7,0.817740261554718,51.666666666666664,,
Client 4,8,0.7596901655197144,52.91228070175438,,
Client 4,9,0.7501862049102783,52.68421052631579,,
Client 4,10,0.6161136627197266,54.8421052631579,,
Client 4,11,0.6002070307731628,54.78947368421053,,
Client 4,12,0.5164436101913452,54.73684210526316,,
Client 4,13,0.5132095813751221,55.21052631578947,,
Client 4,14,0.45404356718063354,54.75438596491228,,
Client 4,15,0.43352389335632324,55.89473684210526,,
Client 4,16,0.5540532469749451,56.03508771929825,,
Client 4,17,0.44498807191848755,55.85964912280702,,
Client 4,18,0.4060116708278656,55.98245614035088,,
Client 4,19,0.36708611249923706,56.333333333333336,,
Client 4,20,0.5521608591079712,56.473684210526315,,
Client 4,21,0.41996365785598755,56.89473684210526,,
Client 4,22,0.3220066428184509,57.08771929824562,,
Client 4,23,0.385389506816864,57.03508771929825,,
Client 4,24,0.4492623209953308,56.771929824561404,,
Client 4,25,0.3437550961971283,56.78947368421053,,
Client 4,26,0.2644728422164917,57.08771929824562,,
Client 4,27,0.4681600034236908,57.3859649122807,,
Client 4,28,0.35738304257392883,57.12280701754386,,
Client 4,29,0.3691874146461487,57.29824561403509,,
Client 4,30,0.3651202619075775,57.40350877192982,,
Client 4,31,0.399822860956192,57.421052631578945,,
Client 4,32,0.45598119497299194,57.73684210526316,,
Client 4,33,0.2583886981010437,57.96491228070175,,
Client 4,34,0.3922659754753113,57.85964912280702,,
Client 4,35,0.2852782607078552,57.92982456140351,,
Client 4,36,0.306148886680603,57.70175438596491,,
Client 4,37,0.24446451663970947,58.03508771929825,,
Client 4,38,0.31872496008872986,58.175438596491226,,
Client 4,39,0.36553749442100525,58.45614035087719,,
Client 4,40,0.29037588834762573,58.14035087719298,,
Client 4,41,0.3086848855018616,57.87719298245614,,
Client 4,42,0.2816600799560547,58.175438596491226,,
Client 4,43,0.45828986167907715,58.68421052631579,,
Client 4,44,0.25779539346694946,58.771929824561404,,
Client 4,45,0.2734316885471344,58.666666666666664,,
Client 4,46,0.27512869238853455,58.78947368421053,,
Client 4,47,0.29301708936691284,58.8421052631579,,
Client 4,48,0.24571016430854797,58.75438596491228,,
Client 4,49,0.19589515030384064,58.70175438596491,,
Client 5,0,2.2608566284179688,32.78947368421053,,
Client 5,1,2.0747594833374023,36.14035087719298,,
Client 5,2,1.839369535446167,42.87719298245614,,
Client 5,3,1.6713056564331055,47.96491228070175,,
Client 5,4,1.3859586715698242,47.421052631578945,,
Client 5,5,1.1495440006256104,51.10526315789474,,
Client 5,6,0.960156261920929,51.36842105263158,,
Client 5,7,0.912919819355011,51.64912280701754,,
Client 5,8,0.7808188199996948,52.96491228070175,,
Client 5,9,0.7257072329521179,53.8421052631579,,
Client 5,10,0.6233093738555908,54.333333333333336,,
Client 5,11,0.6083506941795349,54.12280701754386,,
Client 5,12,0.5668455362319946,55.49122807017544,,
Client 5,13,0.5100610852241516,55.719298245614034,,
Client 5,14,0.49191808700561523,55.6140350877193,,
Client 5,15,0.5564005970954895,56.08771929824562,,
Client 5,16,0.4404127597808838,55.87719298245614,,
Client 5,17,0.40413540601730347,56.68421052631579,,
Client 5,18,0.5033891201019287,56.333333333333336,,
Client 5,19,0.3918383717536926,56.73684210526316,,
Client 5,20,0.4052037298679352,56.70175438596491,,
Client 5,21,0.5190930962562561,57.14035087719298,,
Client 5,22,0.3365006148815155,56.68421052631579,,
Client 5,23,0.38244345784187317,56.98245614035088,,
Client 5,24,0.4018310606479645,57.54385964912281,,
Client 5,25,0.3661037087440491,57.35087719298246,,
Client 5,26,0.4707163870334625,57.45614035087719,,
Client 5,27,0.3606230318546295,57.43859649122807,,
Client 5,28,0.2920836806297302,57.68421052631579,,
Client 5,29,0.3526112139225006,57.80701754385965,,
Client 5,30,0.34658926725387573,57.92982456140351,,
Client 5,31,0.3620924949645996,58.03508771929825,,
Client 5,32,0.4236071705818176,58.05263157894737,,
Client 5,33,0.2517871856689453,57.91228070175438,,
Client 5,34,0.406019926071167,57.0,,
Client 5,35,0.3469802439212799,58.228070175438596,,
Client 5,36,0.26955845952033997,58.29824561403509,,
Client 5,37,0.3855377733707428,58.14035087719298,,
Client 5,38,0.3184623718261719,58.08771929824562,,
Client 5,39,0.29670414328575134,58.333333333333336,,
Client 5,40,0.23310551047325134,58.63157894736842,,
Client 5,41,0.3961189389228821,58.73684210526316,,
Client 5,42,0.2730012536048889,58.824561403508774,,
Client 5,43,0.2664359509944916,58.75438596491228,,
Client 5,44,0.34812554717063904,58.68421052631579,,
Client 5,45,0.2667756676673889,58.12280701754386,,
Client 5,46,0.3398734927177429,58.59649122807018,,
Client 5,47,0.28268715739250183,59.0,,
Client 5,48,0.3036366403102875,58.719298245614034,,
Client 5,49,0.31739678978919983,58.89473684210526,,
Client 6,0,2.249640464782715,30.29824561403509,,
Client 6,1,2.0752158164978027,38.89473684210526,,
Client 6,2,1.8443855047225952,40.92982456140351,,
Client 6,3,1.6087112426757812,43.26315789473684,,
Client 6,4,1.3862212896347046,48.3859649122807,,
Client 6,5,1.191796898841858,49.94736842105263,,
Client 6,6,1.0036028623580933,50.473684210526315,,
Client 6,7,0.9174212217330933,52.98245614035088,,
Client 6,8,0.7205728888511658,53.29824561403509,,
Client 6,9,0.6801208257675171,52.94736842105263,,
Client 6,10,0.6473682522773743,54.12280701754386,,
Client 6,11,0.6771343946456909,54.280701754385966,,
Client 6,12,0.543573260307312,55.24561403508772,,
Client 6,13,0.4743894636631012,55.05263157894737,,
Client 6,14,0.3950166702270508,55.14035087719298,,
Client 6,15,0.46471133828163147,56.08771929824562,,
Client 6,16,0.46000728011131287,56.10526315789474,,
Client 6,17,0.47200217843055725,56.333333333333336,,
Client 6,18,0.5147435665130615,56.68421052631579,,
Client 6,19,0.4389950633049011,56.54385964912281,,
Client 6,20,0.3587980568408966,56.64912280701754,,
Client 6,21,0.44297951459884644,56.64912280701754,,
Client 6,22,0.4967420995235443,56.75438596491228,,
Client 6,23,0.44136419892311096,57.228070175438596,,
Client 6,24,0.3044571876525879,57.0,,
Client 6,25,0.33731117844581604,57.07017543859649,,
Client 6,26,0.3591074049472809,57.26315789473684,,
Client 6,27,0.3319372534751892,57.70175438596491,,
Client 6,28,0.31882792711257935,57.54385964912281,,
Client 6,29,0.4043217599391937,57.824561403508774,,
Client 6,30,0.402092844247818,57.54385964912281,,
Client 6,31,0.2762233018875122,57.578947368421055,,
Client 6,32,0.3903830647468567,57.8421052631579,,
Client 6,33,0.3772110044956207,57.98245614035088,,
Client 6,34,0.3623516261577606,58.03508771929825,,
Client 6,35,0.3262065052986145,58.01754385964912,,
Client 6,36,0.2804810404777527,57.80701754385965,,
Client 6,37,0.25247400999069214,57.73684210526316,,
Client 6,38,0.3116012215614319,58.35087719298246,,
Client 6,39,0.29680025577545166,58.14035087719298,,
Client 6,40,0.32858413457870483,58.50877192982456,,
Client 6,41,0.35581526160240173,58.35087719298246,,
Client 6,42,0.2811025381088257,58.31578947368421,,
Client 6,43,0.30040761828422546,58.526315789473685,,
Client 6,44,0.28578755259513855,58.54385964912281,,
Client 6,45,0.3792349696159363,58.68421052631579,,
Client 6,46,0.2790887951850891,58.70175438596491,,
Client 6,47,0.22686481475830078,58.64912280701754,,
Client 6,48,0.25896045565605164,58.421052631578945,,
Client 6,49,0.2579147219657898,58.73684210526316,,
Client 7,0,2.250587224960327,29.94736842105263,,
Client 7,1,2.0652167797088623,39.45614035087719,,
Client 7,2,1.8844560384750366,41.87719298245614,,
Client 7,3,1.623335838317871,47.21052631578947,,
Client 7,4,1.341086745262146,49.26315789473684,,
Client 7,5,1.1771318912506104,50.21052631578947,,
Client 7,6,0.9811712503433228,50.333333333333336,,
Client 7,7,0.8189264535903931,52.24561403508772,,
Client 7,8,0.7839760780334473,53.228070175438596,,
Client 7,9,0.6986754536628723,53.771929824561404,,
Client 7,10,0.7058005928993225,54.3859649122807,,
Client 7,11,0.5037840604782104,54.6140350877193,,
Client 7,12,0.4694308340549469,55.12280701754386,,
Client 7,13,0.527113139629364,55.473684210526315,,
Client 7,14,0.563186526298523,55.21052631578947,,
Client 7,15,0.49589499831199646,55.94736842105263,,
Client 7,16,0.45267075300216675,56.03508771929825,,
Client 7,17,0.39111632108688354,56.31578947368421,,
Client 7,18,0.4425898492336273,56.40350877192982,,
Client 7,19,0.4718019366264343,56.333333333333336,,
Client 7,20,0.4360175132751465,56.8421052631579,,
Client 7,21,0.4379091262817383,56.80701754385965,,
Client 7,22,0.3781392574310303,56.89473684210526,,
Client 7,23,0.3288045823574066,56.56140350877193,,
Client 7,24,0.33798542618751526,57.14035087719298,,
Client 7,25,0.4399656653404236,56.89473684210526,,
Client 7,26,0.46802693605422974,57.40350877192982,,
Client 7,27,0.32729923725128174,57.26315789473684,,
Client 7,28,0.37772291898727417,57.54385964912281,,
Client 7,29,0.3406416177749634,57.43859649122807,,
Client 7,30,0.3898364007472992,57.6140350877193,,
Client 7,31,0.34613847732543945,57.85964912280702,,
Client 7,32,0.41231194138526917,57.94736842105263,,
Client 7,33,0.3293263912200928,57.96491228070175,,
Client 7,34,0.29112640023231506,57.94736842105263,,
Client 7,35,0.2879161238670349,58.12280701754386,,
Client 7,36,0.35371384024620056,58.03508771929825,,
Client 7,37,0.3622826039791107,58.08771929824562,,
Client 7,38,0.30242854356765747,57.96491228070175,,
Client 7,39,0.34452739357948303,58.280701754385966,,
Client 7,40,0.27275922894477844,58.59649122807018,,
Client 7,41,0.30627304315567017,58.35087719298246,,
Client 7,42,0.3562525808811188,58.6140350877193,,
Client 7,43,0.305571973323822,58.75438596491228,,
Client 7,44,0.3286280632019043,58.666666666666664,,
Client 7,45,0.32322007417678833,58.68421052631579,,
Client 7,46,0.20992282032966614,58.78947368421053,,
Client 7,47,0.2687465250492096,58.63157894736842,,
Client 7,48,0.34947410225868225,58.56140350877193,,
Client 7,49,0.2972091734409332,58.6140350877193,,
Client 8,0,2.254910707473755,28.42105263157895,,
Client 8,1,2.100437879562378,40.08771929824562,,
Client 8,2,1.8936259746551514,44.228070175438596,,
Client 8,3,1.6168464422225952,44.87719298245614,,
Client 8,4,1.3595616817474365,48.98245614035088,,
Client 8,5,1.208056092262268,49.21052631578947,,
Client 8,6,1.060665488243103,51.578947368421055,,
Client 8,7,0.7967816591262817,52.1578947368421,,
Client 8,8,0.7301701307296753,52.771929824561404,,
Client 8,9,0.7749097943305969,53.1578947368421,,
Client 8,10,0.6314666867256165,54.50877192982456,,
Client 8,11,0.6820152401924133,54.6140350877193,,
Client 8,12,0.5470770597457886,55.21052631578947,,
Client 8,13,0.5184314846992493,55.68421052631579,,
Client 8,14,0.5369950532913208,55.73684210526316,,
Client 8,15,0.4735621511936188,55.64912280701754,,
Client 8,16,0.4854127764701843,56.1578947368421,,
Client 8,17,0.435518354177475,56.228070175438596,,
Client 8,18,0.4461803436279297,56.54385964912281,,
Client 8,19,0.4269636571407318,56.3859649122807,,
Client 8,20,0.4534376263618469,56.78947368421053,,
Client 8,21,0.44128671288490295,56.85964912280702,,
Client 8,22,0.3952282965183258,57.0,,
Client 8,23,0.41058722138404846,57.03508771929825,,
Client 8,24,0.40897616744041443,57.08771929824562,,
Client 8,25,0.4299127459526062,57.36842105263158,,
Client 8,26,0.3219446837902069,57.24561403508772,,
Client 8,27,0.3338862657546997,57.63157894736842,,
Client 8,28,0.42035111784935,57.75438596491228,,
Client 8,29,0.403439998626709,57.56140350877193,,
Client 8,30,0.32177942991256714,57.578947368421055,,
Client 8,31,0.269555926322937,57.92982456140351,,
Client 8,32,0.4016372561454773,57.80701754385965,,
Client 8,33,0.27453750371932983,58.3859649122807,,
Client 8,34,0.4397810995578766,57.78947368421053,,
Client 8,35,0.3199121057987213,58.12280701754386,,
Client 8,36,0.34950193762779236,58.228070175438596,,
Client 8,37,0.3075784742832184,58.19298245614035,,
Client 8,38,0.29024580121040344,58.228070175438596,,
Client 8,39,0.33559322357177734,58.421052631578945,,
Client 8,40,0.27473464608192444,58.666666666666664,,
Client 8,41,0.28613919019699097,58.421052631578945,,
Client 8,42,0.27734148502349854,58.50877192982456,,
Client 8,43,0.33225709199905396,58.824561403508774,,
Client 8,44,0.2963828444480896,58.80701754385965,,
Client 8,45,0.2648088335990906,58.666666666666664,,
Client 8,46,0.3126397132873535,58.75438596491228,,
Client 8,47,0.27718740701675415,58.78947368421053,,
Client 8,48,0.3417292833328247,58.578947368421055,,
Client 8,49,0.21468329429626465,58.78947368421053,,
Client 9,0,2.2475192546844482,19.07017543859649,,
Client 9,1,2.0832679271698,41.05263157894737,,
Client 9,2,1.8734102249145508,44.68421052631579,,
Client 9,3,1.6192957162857056,49.49122807017544,,
Client 9,4,1.3661673069000244,50.98245614035088,,
Client 9,5,1.1939595937728882,50.68421052631579,,
Client 9,6,0.9444283246994019,51.526315789473685,,
Client 9,7,0.7794134020805359,53.59649122807018,,
Client 9,8,0.7200652956962585,54.19298245614035,,
Client 9,9,0.6660873293876648,54.473684210526315,,
Client 9,10,0.6403023600578308,54.92982456140351,,
Client 9,11,0.5436898469924927,54.89473684210526,,
Client 9,12,0.4871690273284912,55.63157894736842,,
Client 9,13,0.540350079536438,55.666666666666664,,
Client 9,14,0.506817638874054,56.421052631578945,,
Client 9,15,0.41853347420692444,56.31578947368421,,
Client 9,16,0.40806788206100464,56.68421052631579,,
Client 9,17,0.3477601408958435,56.68421052631579,,
Client 9,18,0.4065724313259125,57.01754385964912,,
Client 9,19,0.3969041705131531,57.24561403508772,,
Client 9,20,0.43296360969543457,57.26315789473684,,
Client 9,21,0.39026132225990295,57.473684210526315,,
Client 9,22,0.318315714597702,57.64912280701754,,
Client 9,23,0.3614124357700348,57.85964912280702,,
Client 9,24,0.40822917222976685,57.333333333333336,,
Client 9,25,0.36413758993148804,57.8421052631579,,
Client 9,26,0.3116922974586487,57.75438596491228,,
Client 9,27,0.3204651176929474,57.70175438596491,,
Client 9,28,0.2918567657470703,58.333333333333336,,
Client 9,29,0.31049004197120667,58.07017543859649,,
Client 9,30,0.3024030327796936,58.43859649122807,,
Client 9,31,0.3150850236415863,58.29824561403509,,
Client 9,32,0.3627292215824127,58.40350877192982,,
Client 9,33,0.34566959738731384,58.64912280701754,,
Client 9,34,0.30799776315689087,58.421052631578945,,
Client 9,35,0.3523313105106354,58.59649122807018,,
Client 9,36,0.26339948177337646,58.771929824561404,,
Client 9,37,0.32506513595581055,58.8421052631579,,
Client 9,38,0.2921440601348877,58.578947368421055,,
Client 9,39,0.22894343733787537,58.824561403508774,,
Client 9,40,0.2163250893354416,59.08771929824562,,
Client 9,41,0.2856031060218811,59.10526315789474,,
Client 9,42,0.24401536583900452,59.175438596491226,,
Client 9,43,0.28469324111938477,59.08771929824562,,
Client 9,44,0.345013290643692,59.43859649122807,,
Client 9,45,0.2449658215045929,59.29824561403509,,
Client 9,46,0.2786838710308075,59.333333333333336,,
Client 9,47,0.2794446349143982,59.24561403508772,,
Client 9,48,0.26184317469596863,59.35087719298246,,
Client 9,49,0.19919396936893463,59.43859649122807,,
