client,epoch,loss,training_accuracy,epsilon,delta
Private Client 0,0,2.3016304969787598,7.684210526315789,-25.71173207242469,10.0
Private Client 0,1,2.3006179332733154,7.228070175438597,-25.268321453519782,10.0
Private Client 0,2,2.2852795124053955,8.087719298245615,-24.60320552516242,10.0
Private Client 0,3,2.2912659645080566,9.192982456140351,-23.7163842873526,10.0
Private Client 0,4,2.2828164100646973,10.631578947368421,-22.82956304954278,10.0
Private Client 0,5,2.2770965099334717,10.736842105263158,-22.164447121185418,10.0
Private Client 0,6,2.278038501739502,10.333333333333334,-21.277625883375602,10.0
Private Client 0,7,2.2566492557525635,14.736842105263158,-20.390804645565783,10.0
Private Client 0,8,2.2615621089935303,14.140350877192983,-19.725688717208417,10.0
Private Client 0,9,2.266967296600342,15.87719298245614,-19.060572788851054,10.0
Private Client 0,10,2.2599258422851562,16.280701754385966,-18.17375155104124,10.0
Private Client 0,11,2.246249198913574,19.649122807017545,-17.28693031323142,10.0
Private Client 0,12,2.248807430267334,19.05263157894737,-16.621814384874057,10.0
Private Client 0,13,2.2394254207611084,21.12280701754386,-16.178403765969147,10.0
Private Client 0,14,2.2330482006073,21.859649122807017,-15.291582528159331,10.0
Private Client 0,15,2.223522186279297,22.157894736842106,-14.626466599801965,10.0
Private Client 0,16,2.201730966567993,20.526315789473685,-13.961350671444603,10.0
Private Client 0,17,2.215261459350586,21.70175438596491,-13.29623474308724,10.0
Private Client 0,18,2.200514316558838,22.087719298245613,-12.40941350527742,10.0
Private Client 0,19,2.2036285400390625,24.982456140350877,-11.744297576920058,10.0
Private Client 0,20,2.173407793045044,25.07017543859649,-10.857476339110239,10.0
Private Client 0,21,2.194469928741455,28.19298245614035,-10.192360410752876,10.0
Private Client 0,22,2.1877598762512207,29.87719298245614,-9.305539172943057,10.0
Private Client 0,23,2.1732089519500732,30.94736842105263,-8.418717935133238,10.0
Private Client 0,24,2.1667613983154297,32.49122807017544,-7.531896697323423,10.0
Private Client 0,25,2.151170015335083,33.1578947368421,-6.86678076896606,10.0
Private Client 0,26,2.156528949737549,35.63157894736842,-5.758254221703784,10.0
Private Client 0,27,2.135814666748047,35.54385964912281,-4.649727674441512,10.0
Private Client 0,28,2.1094863414764404,35.526315789473685,-3.762906436631696,10.0
Private Client 0,29,2.1092586517333984,37.40350877192982,-2.876085198821877,10.0
Private Client 0,30,2.0809133052825928,37.10526315789474,-1.9892639610120577,10.0
Private Client 0,31,2.1045081615448,37.175438596491226,-1.102442723202242,10.0
Private Client 0,32,2.078770160675049,35.96491228070175,-0.6590321042973324,10.0
Private Client 0,33,2.0294604301452637,36.80701754385965,0.006083824060030274,10.0
Private Client 0,34,2.0341405868530273,37.578947368421055,0.8929050618698495,10.0
Private Client 0,35,2.022481918334961,38.175438596491226,1.5580209902272122,10.0
Private Client 0,36,1.9984161853790283,39.03508771929825,2.223136918584575,10.0
Private Client 0,37,2.017591953277588,38.19298245614035,3.109958156394394,10.0
Private Client 0,38,1.9862565994262695,38.87719298245614,3.7750740847517568,10.0
Private Client 0,39,1.9652960300445557,40.12280701754386,4.440190013109123,10.0
Private Client 0,40,1.9305791854858398,40.21052631578947,5.105305941466486,10.0
Private Client 0,41,1.9206022024154663,42.280701754385966,5.770421869823848,10.0
Private Client 0,42,1.900496244430542,41.73684210526316,6.4355377981812145,10.0
Private Client 0,43,1.9223992824554443,44.29824561403509,7.100653726538574,10.0
Private Client 0,44,1.868629813194275,44.87719298245614,7.987474964348393,10.0
Private Client 0,45,1.8780510425567627,45.14035087719298,9.096001511610666,10.0
Private Client 0,46,1.793212652206421,43.01754385964912,10.204528058872938,10.0
Private Client 0,47,1.8078577518463135,43.6140350877193,11.091349296682758,10.0
Private Client 0,48,1.760122537612915,43.12280701754386,11.756465225040124,10.0
Private Client 0,49,1.7697550058364868,45.07017543859649,12.643286462849936,10.0
Private Client 1,0,2.307633638381958,7.526315789473684,-25.71173207242469,10.0
Private Client 1,1,2.30049991607666,7.4035087719298245,-25.046616144067325,10.0
Private Client 1,2,2.297240972518921,10.070175438596491,-24.15979490625751,10.0
Private Client 1,3,2.2800536155700684,9.192982456140351,-23.494678977900147,10.0
Private Client 1,4,2.284045696258545,9.719298245614034,-22.607857740090328,10.0
Private Client 1,5,2.2802672386169434,9.964912280701755,-21.942741811732965,10.0
Private Client 1,6,2.2828452587127686,11.719298245614034,-21.499331192828055,10.0
Private Client 1,7,2.2691900730133057,14.807017543859649,-20.834215264470693,10.0
Private Client 1,8,2.2631425857543945,17.526315789473685,-19.725688717208417,10.0
Private Client 1,9,2.2621936798095703,16.350877192982455,-19.060572788851054,10.0
Private Client 1,10,2.2673776149749756,19.666666666666668,-18.39545686049369,10.0
Private Client 1,11,2.2449440956115723,20.982456140350877,-17.508635622683876,10.0
Private Client 1,12,2.240065336227417,22.035087719298247,-16.84351969432651,10.0
Private Client 1,13,2.230978488922119,22.42105263157895,-15.734993147064237,10.0
Private Client 1,14,2.2364156246185303,21.473684210526315,-15.069877218706875,10.0
Private Client 1,15,2.2221426963806152,24.19298245614035,-14.183055980897056,10.0
Private Client 1,16,2.2170393466949463,24.649122807017545,-13.517940052539693,10.0
Private Client 1,17,2.223442316055298,25.736842105263158,-12.631118814729877,10.0
Private Client 1,18,2.2144217491149902,26.736842105263158,-11.744297576920058,10.0
Private Client 1,19,2.2058444023132324,28.07017543859649,-10.857476339110239,10.0
Private Client 1,20,2.1888020038604736,28.0,-10.192360410752876,10.0
Private Client 1,21,2.181800127029419,27.912280701754387,-9.527244482395513,10.0
Private Client 1,22,2.160050868988037,30.70175438596491,-8.862128554038147,10.0
Private Client 1,23,2.1675353050231934,33.12280701754386,-8.197012625680784,10.0
Private Client 1,24,2.1618034839630127,32.824561403508774,-7.531896697323423,10.0
Private Client 1,25,2.135991334915161,35.3859649122807,-6.42337015006115,10.0
Private Client 1,26,2.145498514175415,37.56140350877193,-5.536548912251331,10.0
Private Client 1,27,2.140669345855713,36.64912280701754,-4.649727674441512,10.0
Private Client 1,28,2.122316598892212,37.07017543859649,-3.9846117460841493,10.0
Private Client 1,29,2.1062562465667725,37.73684210526316,-3.0977905082743336,10.0
Private Client 1,30,2.088564872741699,38.6140350877193,-1.9892639610120577,10.0
Private Client 1,31,2.0707883834838867,37.26315789473684,-1.102442723202242,10.0
Private Client 1,32,2.086212635040283,37.73684210526316,-0.43732679484487935,10.0
Private Client 1,33,2.0601367950439453,38.31578947368421,0.4494944429649399,10.0
Private Client 1,34,2.0283448696136475,38.89473684210526,1.1146103713223026,10.0
Private Client 1,35,2.0291621685028076,40.10526315789474,1.7797262996796688,10.0
Private Client 1,36,1.9802669286727905,38.824561403508774,2.4448422280370314,10.0
Private Client 1,37,1.9845430850982666,38.719298245614034,3.5533687752993037,10.0
Private Client 1,38,2.0055630207061768,40.54385964912281,4.440190013109123,10.0
Private Client 1,39,1.9578425884246826,39.333333333333336,5.105305941466486,10.0
Private Client 1,40,1.9344040155410767,41.68421052631579,5.992127179276301,10.0
Private Client 1,41,1.9536821842193604,40.35087719298246,6.657243107633668,10.0
Private Client 1,42,1.8781845569610596,43.280701754385966,7.322359035991027,10.0
Private Client 1,43,1.9041640758514404,43.3859649122807,7.987474964348393,10.0
Private Client 1,44,1.8443336486816406,43.8421052631579,8.874296202158213,10.0
Private Client 1,45,1.8446404933929443,43.1578947368421,9.53941213051558,10.0
Private Client 1,46,1.8176101446151733,43.87719298245614,10.426233368325391,10.0
Private Client 1,47,1.771404504776001,44.473684210526315,11.091349296682758,10.0
Private Client 1,48,1.819183111190796,44.80701754385965,11.756465225040124,10.0
Private Client 1,49,1.736185073852539,44.50877192982456,12.421581153397483,10.0
Private Client 2,0,2.304572582244873,8.052631578947368,-25.71173207242469,10.0
Private Client 2,1,2.314563035964966,7.333333333333333,-25.046616144067325,10.0
Private Client 2,2,2.295271158218384,7.140350877192983,-24.15979490625751,10.0
Private Client 2,3,2.2947607040405273,8.24561403508772,-23.27297366844769,10.0
Private Client 2,4,2.2861504554748535,8.210526315789474,-22.386152430637875,10.0
Private Client 2,5,2.2803878784179688,8.736842105263158,-21.72103650228051,10.0
Private Client 2,6,2.2754499912261963,10.43859649122807,-21.055920573923146,10.0
Private Client 2,7,2.278994083404541,11.491228070175438,-20.16909933611333,10.0
Private Client 2,8,2.2711853981018066,13.070175438596491,-19.28227809830351,10.0
Private Client 2,9,2.273815631866455,16.263157894736842,-18.617162169946145,10.0
Private Client 2,10,2.2503745555877686,16.49122807017544,-17.73034093213633,10.0
Private Client 2,11,2.2622716426849365,17.45614035087719,-16.84351969432651,10.0
Private Client 2,12,2.2325663566589355,19.12280701754386,-16.178403765969147,10.0
Private Client 2,13,2.2367653846740723,19.894736842105264,-15.513287837611784,10.0
Private Client 2,14,2.2266523838043213,20.140350877192983,-14.848171909254422,10.0
Private Client 2,15,2.226252794265747,20.859649122807017,-13.961350671444603,10.0
Private Client 2,16,2.235438585281372,24.49122807017544,-13.29623474308724,10.0
Private Client 2,17,2.21243953704834,24.54385964912281,-12.631118814729877,10.0
Private Client 2,18,2.198864459991455,25.07017543859649,-11.744297576920058,10.0
Private Client 2,19,2.2012035846710205,27.56140350877193,-10.857476339110239,10.0
Private Client 2,20,2.1879496574401855,28.666666666666668,-9.97065510130042,10.0
Private Client 2,21,2.1826817989349365,29.63157894736842,-9.305539172943057,10.0
Private Client 2,22,2.178804874420166,32.54385964912281,-8.418717935133238,10.0
Private Client 2,23,2.1761271953582764,31.82456140350877,-7.753602006775876,10.0
Private Client 2,24,2.161158323287964,34.64912280701754,-6.86678076896606,10.0
Private Client 2,25,2.142883777618408,33.94736842105263,-5.979959531156241,10.0
Private Client 2,26,2.1386826038360596,36.03508771929825,-5.0931382933464215,10.0
Private Client 2,27,2.1169052124023438,34.8421052631579,-4.428022364989059,10.0
Private Client 2,28,2.104478120803833,36.21052631578947,-3.762906436631696,10.0
Private Client 2,29,2.10105562210083,35.719298245614034,-3.0977905082743336,10.0
Private Client 2,30,2.0956554412841797,36.578947368421055,-2.2109692704645143,10.0
Private Client 2,31,2.0607047080993652,36.49122807017544,-1.5458533421071516,10.0
Private Client 2,32,2.036503791809082,36.96491228070175,-0.8807374137497854,10.0
Private Client 2,33,2.045621395111084,35.666666666666664,0.006083824060030274,10.0
Private Client 2,34,2.0454163551330566,37.280701754385966,0.8929050618698495,10.0
Private Client 2,35,2.005707263946533,38.3859649122807,1.5580209902272122,10.0
Private Client 2,36,1.9943002462387085,39.50877192982456,2.4448422280370314,10.0
Private Client 2,37,1.9673935174942017,39.68421052631579,3.331663465846847,10.0
Private Client 2,38,1.9614795446395874,39.31578947368421,4.218484703656666,10.0
Private Client 2,39,1.981732726097107,41.89473684210526,5.105305941466486,10.0
Private Client 2,40,1.9141747951507568,42.1578947368421,5.992127179276301,10.0
Private Client 2,41,1.9126758575439453,42.31578947368421,6.657243107633668,10.0
Private Client 2,42,1.9056603908538818,42.0,7.544064345443487,10.0
Private Client 2,43,1.8684327602386475,43.280701754385966,7.987474964348393,10.0
Private Client 2,44,1.8453772068023682,41.78947368421053,8.65259089270576,10.0
Private Client 2,45,1.8129732608795166,44.1578947368421,9.317706821063119,10.0
Private Client 2,46,1.825042963027954,45.21052631578947,10.204528058872938,10.0
Private Client 2,47,1.8176689147949219,43.771929824561404,10.869643987230305,10.0
Private Client 2,48,1.797320008277893,42.6140350877193,11.756465225040124,10.0
Private Client 2,49,1.7635549306869507,44.68421052631579,12.421581153397483,10.0
Private Client 3,0,2.3037514686584473,6.912280701754386,-25.933437381877145,10.0
Private Client 3,1,2.306328296661377,8.24561403508772,-25.046616144067325,10.0
Private Client 3,2,2.293076276779175,9.491228070175438,-24.381500215709963,10.0
Private Client 3,3,2.281904458999634,11.210526315789474,-23.7163842873526,10.0
Private Client 3,4,2.300718307495117,12.403508771929825,-22.82956304954278,10.0
Private Client 3,5,2.278200387954712,12.385964912280702,-22.164447121185418,10.0
Private Client 3,6,2.2780697345733643,12.859649122807017,-21.277625883375602,10.0
Private Client 3,7,2.270786762237549,11.929824561403509,-20.612509955018236,10.0
Private Client 3,8,2.2622714042663574,12.964912280701755,-19.947394026660874,10.0
Private Client 3,9,2.2660226821899414,15.789473684210526,-19.28227809830351,10.0
Private Client 3,10,2.2419826984405518,16.894736842105264,-18.17375155104124,10.0
Private Client 3,11,2.254140615463257,18.63157894736842,-17.508635622683876,10.0
Private Client 3,12,2.2413055896759033,20.0,-16.621814384874057,10.0
Private Client 3,13,2.24442982673645,21.42105263157895,-15.956698456516694,10.0
Private Client 3,14,2.241816759109497,22.24561403508772,-15.291582528159331,10.0
Private Client 3,15,2.223013401031494,25.05263157894737,-14.404761290349512,10.0
Private Client 3,16,2.220019817352295,23.94736842105263,-13.73964536199215,10.0
Private Client 3,17,2.2205519676208496,25.17543859649123,-12.85282412418233,10.0
Private Client 3,18,2.21736216545105,25.982456140350877,-12.187708195824968,10.0
Private Client 3,19,2.1960361003875732,28.12280701754386,-11.300886958015148,10.0
Private Client 3,20,2.185842990875244,28.92982456140351,-10.192360410752876,10.0
Private Client 3,21,2.182337999343872,29.94736842105263,-9.748949791847966,10.0
Private Client 3,22,2.181849718093872,33.35087719298246,-8.862128554038147,10.0
Private Client 3,23,2.1754610538482666,33.94736842105263,-8.197012625680784,10.0
Private Client 3,24,2.157052516937256,34.63157894736842,-7.531896697323423,10.0
Private Client 3,25,2.141669750213623,35.526315789473685,-6.86678076896606,10.0
Private Client 3,26,2.1242644786834717,37.64912280701754,-6.201664840608694,10.0
Private Client 3,27,2.1308987140655518,37.35087719298246,-5.0931382933464215,10.0
Private Client 3,28,2.111762523651123,36.26315789473684,-4.206317055536606,10.0
Private Client 3,29,2.123746633529663,38.14035087719298,-3.3194958177267866,10.0
Private Client 3,30,2.0899136066436768,37.91228070175438,-2.654379889369424,10.0
Private Client 3,31,2.086622476577759,38.19298245614035,-1.7675586515596047,10.0
Private Client 3,32,2.0546228885650635,37.54385964912281,-1.102442723202242,10.0
Private Client 3,33,2.0645713806152344,38.94736842105263,-0.21562148539242276,10.0
Private Client 3,34,2.0369551181793213,40.31578947368421,0.4494944429649399,10.0
Private Client 3,35,2.02898907661438,39.89473684210526,1.3363156807747592,10.0
Private Client 3,36,2.0059075355529785,38.824561403508774,2.223136918584575,10.0
Private Client 3,37,1.9389270544052124,41.1578947368421,3.109958156394394,10.0
Private Client 3,38,1.989967942237854,41.6140350877193,3.9967793942042134,10.0
Private Client 3,39,1.9607359170913696,41.35087719298246,4.661895322561576,10.0
Private Client 3,40,1.9606984853744507,41.07017543859649,5.327011250918939,10.0
Private Client 3,41,1.9614136219024658,42.08771929824562,6.213832488728754,10.0
Private Client 3,42,1.910121202468872,41.96491228070175,6.878948417086121,10.0
Private Client 3,43,1.8563072681427002,42.75438596491228,7.76576965489594,10.0
Private Client 3,44,1.852697730064392,44.91228070175438,8.430885583253307,10.0
Private Client 3,45,1.8177874088287354,43.94736842105263,9.317706821063119,10.0
Private Client 3,46,1.7768399715423584,43.0,9.982822749420485,10.0
Private Client 3,47,1.782700777053833,44.08771929824562,10.426233368325391,10.0
Private Client 3,48,1.735107421875,42.68421052631579,11.31305460613521,10.0
Private Client 3,49,1.7813389301300049,43.98245614035088,11.978170534492577,10.0
Private Client 4,0,2.3128278255462646,6.543859649122807,-25.933437381877145,10.0
Private Client 4,1,2.3033485412597656,7.807017543859649,-25.268321453519782,10.0
Private Client 4,2,2.2974982261657715,9.070175438596491,-24.381500215709963,10.0
Private Client 4,3,2.293611526489258,8.298245614035087,-23.7163842873526,10.0
Private Client 4,4,2.29298996925354,10.333333333333334,-22.82956304954278,10.0
Private Client 4,5,2.2835631370544434,11.31578947368421,-21.942741811732965,10.0
Private Client 4,6,2.2831873893737793,11.771929824561404,-21.277625883375602,10.0
Private Client 4,7,2.2746164798736572,14.298245614035087,-20.612509955018236,10.0
Private Client 4,8,2.2644381523132324,15.578947368421053,-19.725688717208417,10.0
Private Client 4,9,2.268913507461548,18.771929824561404,-19.060572788851054,10.0
Private Client 4,10,2.2562575340270996,17.771929824561404,-18.17375155104124,10.0
Private Client 4,11,2.2481510639190674,20.035087719298247,-17.28693031323142,10.0
Private Client 4,12,2.252793788909912,19.736842105263158,-16.621814384874057,10.0
Private Client 4,13,2.247507095336914,20.859649122807017,-15.734993147064237,10.0
Private Client 4,14,2.224323272705078,20.228070175438596,-14.626466599801965,10.0
Private Client 4,15,2.228243827819824,21.0,-13.73964536199215,10.0
Private Client 4,16,2.2206666469573975,22.68421052631579,-13.074529433634783,10.0
Private Client 4,17,2.2016232013702393,24.50877192982456,-12.40941350527742,10.0
Private Client 4,18,2.2080860137939453,25.596491228070175,-11.744297576920058,10.0
Private Client 4,19,2.1971664428710938,28.035087719298247,-11.079181648562695,10.0
Private Client 4,20,2.1841881275177,28.263157894736842,-10.414065720205329,10.0
Private Client 4,21,2.181379795074463,31.50877192982456,-9.527244482395513,10.0
Private Client 4,22,2.1648762226104736,30.07017543859649,-8.862128554038147,10.0
Private Client 4,23,2.177891969680786,30.82456140350877,-8.197012625680784,10.0
Private Client 4,24,2.153017044067383,33.24561403508772,-7.531896697323423,10.0
Private Client 4,25,2.1376357078552246,33.45614035087719,-7.088486078418513,10.0
Private Client 4,26,2.123561382293701,34.63157894736842,-6.201664840608694,10.0
Private Client 4,27,2.1365129947662354,35.96491228070175,-5.314843602798878,10.0
Private Client 4,28,2.1024622917175293,36.26315789473684,-4.649727674441512,10.0
Private Client 4,29,2.078202724456787,36.75438596491228,-3.762906436631696,10.0
Private Client 4,30,2.100501537322998,37.35087719298246,-2.876085198821877,10.0
Private Client 4,31,2.0465710163116455,37.07017543859649,-2.2109692704645143,10.0
Private Client 4,32,2.0662589073181152,38.578947368421055,-1.102442723202242,10.0
Private Client 4,33,2.0387961864471436,39.24561403508772,-0.43732679484487935,10.0
Private Client 4,34,2.032731533050537,40.50877192982456,0.4494944429649399,10.0
Private Client 4,35,2.010453701019287,38.19298245614035,1.5580209902272122,10.0
Private Client 4,36,1.9867725372314453,38.175438596491226,2.001431609132122,10.0
Private Client 4,37,2.027618885040283,41.228070175438596,2.888252846941941,10.0
Private Client 4,38,1.9552847146987915,41.56140350877193,3.7750740847517568,10.0
Private Client 4,39,1.9616343975067139,41.473684210526315,4.661895322561576,10.0
Private Client 4,40,1.9139766693115234,42.63157894736842,5.327011250918939,10.0
Private Client 4,41,1.9202111959457397,43.26315789473684,6.213832488728754,10.0
Private Client 4,42,1.9074640274047852,42.31578947368421,7.100653726538574,10.0
Private Client 4,43,1.8548877239227295,44.68421052631579,7.76576965489594,10.0
Private Client 4,44,1.8197243213653564,43.719298245614034,8.430885583253307,10.0
Private Client 4,45,1.8218892812728882,45.280701754385966,9.317706821063119,10.0
Private Client 4,46,1.7870346307754517,44.94736842105263,9.982822749420485,10.0
Private Client 4,47,1.786484956741333,47.43859649122807,10.869643987230305,10.0
Private Client 4,48,1.7899163961410522,45.01754385964912,11.534759915587664,10.0
Private Client 4,49,1.7722728252410889,46.40350877192982,12.19987584394503,10.0
Private Client 5,0,2.308945894241333,8.12280701754386,-25.490026762972235,10.0
Private Client 5,1,2.2920029163360596,6.228070175438597,-24.381500215709963,10.0
Private Client 5,2,2.297133684158325,7.280701754385965,-23.494678977900147,10.0
Private Client 5,3,2.287693977355957,8.31578947368421,-22.82956304954278,10.0
Private Client 5,4,2.288099765777588,8.894736842105264,-22.164447121185418,10.0
Private Client 5,5,2.2846827507019043,10.771929824561404,-21.277625883375602,10.0
Private Client 5,6,2.275665760040283,12.473684210526315,-20.612509955018236,10.0
Private Client 5,7,2.273049831390381,14.666666666666666,-19.947394026660874,10.0
Private Client 5,8,2.2791171073913574,16.87719298245614,-19.060572788851054,10.0
Private Client 5,9,2.2654190063476562,16.385964912280702,-18.39545686049369,10.0
Private Client 5,10,2.253469944000244,18.263157894736842,-17.508635622683876,10.0
Private Client 5,11,2.240624189376831,19.31578947368421,-16.84351969432651,10.0
Private Client 5,12,2.2527682781219482,20.210526315789473,-16.400109075421604,10.0
Private Client 5,13,2.236963987350464,20.70175438596491,-15.734993147064237,10.0
Private Client 5,14,2.223233699798584,23.19298245614035,-15.069877218706875,10.0
Private Client 5,15,2.2241764068603516,23.263157894736842,-14.404761290349512,10.0
Private Client 5,16,2.2242016792297363,23.719298245614034,-13.73964536199215,10.0
Private Client 5,17,2.186737298965454,24.43859649122807,-13.074529433634783,10.0
Private Client 5,18,2.1982178688049316,25.63157894736842,-11.966002886372511,10.0
Private Client 5,19,2.1886627674102783,26.263157894736842,-11.079181648562695,10.0
Private Client 5,20,2.1937553882598877,27.894736842105264,-10.414065720205329,10.0
Private Client 5,21,2.170483112335205,27.43859649122807,-9.748949791847966,10.0
Private Client 5,22,2.1490540504455566,31.263157894736842,-8.862128554038147,10.0
Private Client 5,23,2.153855562210083,30.596491228070175,-8.197012625680784,10.0
Private Client 5,24,2.169206380844116,32.175438596491226,-7.531896697323423,10.0
Private Client 5,25,2.1345479488372803,34.6140350877193,-6.86678076896606,10.0
Private Client 5,26,2.1147568225860596,36.54385964912281,-5.979959531156241,10.0
Private Client 5,27,2.1270992755889893,37.421052631578945,-5.314843602798878,10.0
Private Client 5,28,2.116602659225464,37.08771929824562,-4.428022364989059,10.0
Private Client 5,29,2.1178131103515625,36.98245614035088,-3.762906436631696,10.0
Private Client 5,30,2.099900007247925,37.50877192982456,-2.876085198821877,10.0
Private Client 5,31,2.0648088455200195,37.526315789473685,-2.2109692704645143,10.0
Private Client 5,32,2.0665500164031982,37.05263157894737,-1.5458533421071516,10.0
Private Client 5,33,2.052258253097534,39.94736842105263,-0.6590321042973324,10.0
Private Client 5,34,2.041499614715576,39.45614035087719,0.006083824060030274,10.0
Private Client 5,35,2.013472318649292,39.36842105263158,0.8929050618698495,10.0
Private Client 5,36,2.0077319145202637,39.10526315789474,2.001431609132122,10.0
Private Client 5,37,1.9713674783706665,38.421052631578945,2.6665475374894845,10.0
Private Client 5,38,1.9649378061294556,39.89473684210526,3.5533687752993037,10.0
Private Client 5,39,1.9386918544769287,40.473684210526315,4.218484703656666,10.0
Private Client 5,40,1.9339616298675537,40.80701754385965,4.661895322561576,10.0
Private Client 5,41,1.9331802129745483,42.35087719298246,5.770421869823848,10.0
Private Client 5,42,1.8986116647720337,42.26315789473684,6.657243107633668,10.0
Private Client 5,43,1.8912956714630127,41.8421052631579,7.76576965489594,10.0
Private Client 5,44,1.8946014642715454,43.98245614035088,8.209180273800847,10.0
Private Client 5,45,1.8050405979156494,43.21052631578947,9.096001511610666,10.0
Private Client 5,46,1.8426780700683594,46.29824561403509,9.761117439968032,10.0
Private Client 5,47,1.8024698495864868,45.29824561403509,10.647938677777852,10.0
Private Client 5,48,1.7443530559539795,44.8421052631579,11.31305460613521,10.0
Private Client 5,49,1.7081224918365479,44.64912280701754,11.978170534492577,10.0
Private Client 6,0,2.314997673034668,7.315789473684211,-25.71173207242469,10.0
Private Client 6,1,2.3038783073425293,6.7368421052631575,-25.046616144067325,10.0
Private Client 6,2,2.303072452545166,7.5964912280701755,-24.381500215709963,10.0
Private Client 6,3,2.2895870208740234,8.982456140350877,-23.7163842873526,10.0
Private Client 6,4,2.291944980621338,11.298245614035087,-22.82956304954278,10.0
Private Client 6,5,2.2852721214294434,11.263157894736842,-22.164447121185418,10.0
Private Client 6,6,2.2766664028167725,11.491228070175438,-21.499331192828055,10.0
Private Client 6,7,2.2656164169311523,13.701754385964913,-20.612509955018236,10.0
Private Client 6,8,2.272459030151367,12.75438596491228,-20.16909933611333,10.0
Private Client 6,9,2.2747812271118164,14.824561403508772,-19.28227809830351,10.0
Private Client 6,10,2.253354787826538,16.87719298245614,-18.617162169946145,10.0
Private Client 6,11,2.2468440532684326,18.68421052631579,-17.73034093213633,10.0
Private Client 6,12,2.2519912719726562,19.63157894736842,-17.28693031323142,10.0
Private Client 6,13,2.238346576690674,19.92982456140351,-16.400109075421604,10.0
Private Client 6,14,2.251349925994873,20.964912280701753,-15.734993147064237,10.0
Private Client 6,15,2.235948085784912,22.403508771929825,-15.069877218706875,10.0
Private Client 6,16,2.2319366931915283,23.49122807017544,-14.626466599801965,10.0
Private Client 6,17,2.2156214714050293,26.157894736842106,-13.517940052539693,10.0
Private Client 6,18,2.2005765438079834,25.736842105263158,-12.631118814729877,10.0
Private Client 6,19,2.204629898071289,27.43859649122807,-11.744297576920058,10.0
Private Client 6,20,2.2100613117218018,28.68421052631579,-11.079181648562695,10.0
Private Client 6,21,2.1830525398254395,28.912280701754387,-10.414065720205329,10.0
Private Client 6,22,2.1624598503112793,29.36842105263158,-9.305539172943057,10.0
Private Client 6,23,2.1688458919525146,31.105263157894736,-8.418717935133238,10.0
Private Client 6,24,2.1673009395599365,33.68421052631579,-7.531896697323423,10.0
Private Client 6,25,2.13826584815979,32.43859649122807,-6.86678076896606,10.0
Private Client 6,26,2.1229465007781982,36.19298245614035,-5.758254221703784,10.0
Private Client 6,27,2.1232082843780518,38.1578947368421,-5.314843602798878,10.0
Private Client 6,28,2.093583822250366,38.666666666666664,-4.8714329838939685,10.0
Private Client 6,29,2.099827527999878,36.64912280701754,-3.9846117460841493,10.0
Private Client 6,30,2.068676710128784,37.73684210526316,-3.0977905082743336,10.0
Private Client 6,31,2.089761972427368,37.3859649122807,-2.4326745799169673,10.0
Private Client 6,32,2.0657715797424316,38.473684210526315,-1.5458533421071516,10.0
Private Client 6,33,2.021003246307373,37.771929824561404,-0.8807374137497854,10.0
Private Client 6,34,2.023273468017578,39.26315789473684,0.22778913351248686,10.0
Private Client 6,35,2.0107383728027344,37.49122807017544,1.1146103713223026,10.0
Private Client 6,36,2.0101375579833984,38.08771929824562,1.7797262996796688,10.0
Private Client 6,37,1.9853729009628296,40.43859649122807,2.4448422280370314,10.0
Private Client 6,38,1.9609565734863281,36.92982456140351,3.109958156394394,10.0
Private Client 6,39,1.9541078805923462,39.719298245614034,4.218484703656666,10.0
Private Client 6,40,1.9402720928192139,41.719298245614034,5.105305941466486,10.0
Private Client 6,41,1.9351356029510498,42.12280701754386,5.770421869823848,10.0
Private Client 6,42,1.9255174398422241,43.6140350877193,6.657243107633668,10.0
Private Client 6,43,1.8722288608551025,44.12280701754386,7.322359035991027,10.0
Private Client 6,44,1.856864333152771,45.10526315789474,7.987474964348393,10.0
Private Client 6,45,1.8722102642059326,46.45614035087719,9.096001511610666,10.0
Private Client 6,46,1.8107233047485352,44.719298245614034,9.761117439968032,10.0
Private Client 6,47,1.7946525812149048,46.01754385964912,10.647938677777852,10.0
Private Client 6,48,1.7663404941558838,45.35087719298246,11.31305460613521,10.0
Private Client 6,49,1.7646843194961548,47.05263157894737,12.19987584394503,10.0
Private Client 7,0,2.317780017852783,6.543859649122807,-25.71173207242469,10.0
Private Client 7,1,2.312154769897461,7.421052631578948,-25.046616144067325,10.0
Private Client 7,2,2.2939581871032715,8.543859649122806,-24.381500215709963,10.0
Private Client 7,3,2.2920002937316895,9.052631578947368,-23.7163842873526,10.0
Private Client 7,4,2.2916858196258545,9.982456140350877,-22.82956304954278,10.0
Private Client 7,5,2.2822349071502686,10.964912280701755,-22.164447121185418,10.0
Private Client 7,6,2.2755093574523926,10.859649122807017,-21.277625883375602,10.0
Private Client 7,7,2.2749180793762207,12.333333333333334,-20.612509955018236,10.0
Private Client 7,8,2.272028684616089,14.105263157894736,-19.947394026660874,10.0
Private Client 7,9,2.256906032562256,18.649122807017545,-18.8388674793986,10.0
Private Client 7,10,2.257068395614624,18.736842105263158,-18.17375155104124,10.0
Private Client 7,11,2.24868106842041,19.75438596491228,-17.28693031323142,10.0
Private Client 7,12,2.247408628463745,19.614035087719298,-16.400109075421604,10.0
Private Client 7,13,2.237514019012451,19.526315789473685,-15.513287837611784,10.0
Private Client 7,14,2.2325034141540527,20.105263157894736,-14.848171909254422,10.0
Private Client 7,15,2.239346981048584,20.31578947368421,-13.961350671444603,10.0
Private Client 7,16,2.235461473464966,22.24561403508772,-13.517940052539693,10.0
Private Client 7,17,2.207737445831299,24.403508771929825,-12.631118814729877,10.0
Private Client 7,18,2.205747127532959,24.035087719298247,-11.966002886372511,10.0
Private Client 7,19,2.2013964653015137,25.859649122807017,-11.079181648562695,10.0
Private Client 7,20,2.1931240558624268,27.263157894736842,-10.192360410752876,10.0
Private Client 7,21,2.1827163696289062,28.68421052631579,-9.527244482395513,10.0
Private Client 7,22,2.181550979614258,30.87719298245614,-8.640423244585694,10.0
Private Client 7,23,2.155728340148926,33.29824561403509,-7.753602006775876,10.0
Private Client 7,24,2.1462857723236084,34.771929824561404,-6.86678076896606,10.0
Private Client 7,25,2.121135950088501,34.8421052631579,-6.201664840608694,10.0
Private Client 7,26,2.128513813018799,36.94736842105263,-5.536548912251331,10.0
Private Client 7,27,2.122434616088867,38.10526315789474,-4.649727674441512,10.0
Private Client 7,28,2.1021602153778076,38.824561403508774,-3.762906436631696,10.0
Private Client 7,29,2.093177556991577,36.43859649122807,-2.654379889369424,10.0
Private Client 7,30,2.0989511013031006,39.36842105263158,-1.9892639610120577,10.0
Private Client 7,31,2.0805165767669678,38.333333333333336,-1.102442723202242,10.0
Private Client 7,32,2.0663461685180664,39.94736842105263,-0.21562148539242276,10.0
Private Client 7,33,2.0480897426605225,39.771929824561404,0.4494944429649399,10.0
Private Client 7,34,2.0655555725097656,38.175438596491226,1.3363156807747592,10.0
Private Client 7,35,2.015432357788086,37.21052631578947,2.223136918584575,10.0
Private Client 7,36,1.98678719997406,39.280701754385966,2.888252846941941,10.0
Private Client 7,37,1.9976915121078491,39.175438596491226,3.9967793942042134,10.0
Private Client 7,38,1.955068826675415,40.24561403508772,4.661895322561576,10.0
Private Client 7,39,1.9286935329437256,39.421052631578945,5.548716560371395,10.0
Private Client 7,40,1.9479221105575562,40.526315789473685,6.213832488728754,10.0
Private Client 7,41,1.9020878076553345,41.70175438596491,6.657243107633668,10.0
Private Client 7,42,1.9005720615386963,41.36842105263158,7.322359035991027,10.0
Private Client 7,43,1.8336689472198486,43.36842105263158,7.987474964348393,10.0
Private Client 7,44,1.8244554996490479,44.73684210526316,9.096001511610666,10.0
Private Client 7,45,1.8187938928604126,43.19298245614035,10.204528058872938,10.0
Private Client 7,46,1.8074079751968384,44.50877192982456,11.091349296682758,10.0
Private Client 7,47,1.7587578296661377,46.14035087719298,11.756465225040124,10.0
Private Client 7,48,1.7420707941055298,44.91228070175438,12.643286462849936,10.0
Private Client 7,49,1.6997263431549072,43.3859649122807,13.308402391207302,10.0
Private Client 8,0,2.306196928024292,7.982456140350878,-25.490026762972235,10.0
Private Client 8,1,2.3022584915161133,8.56140350877193,-24.381500215709963,10.0
Private Client 8,2,2.2897696495056152,8.456140350877194,-23.7163842873526,10.0
Private Client 8,3,2.2860941886901855,9.75438596491228,-23.051268358995237,10.0
Private Client 8,4,2.281581401824951,10.578947368421053,-22.164447121185418,10.0
Private Client 8,5,2.285508632659912,12.421052631578947,-21.277625883375602,10.0
Private Client 8,6,2.277362585067749,12.157894736842104,-20.390804645565783,10.0
Private Client 8,7,2.271665096282959,12.070175438596491,-19.725688717208417,10.0
Private Client 8,8,2.2718727588653564,14.280701754385966,-19.060572788851054,10.0
Private Client 8,9,2.268752336502075,17.263157894736842,-18.17375155104124,10.0
Private Client 8,10,2.2578954696655273,17.45614035087719,-17.28693031323142,10.0
Private Client 8,11,2.2496237754821777,17.964912280701753,-16.400109075421604,10.0
Private Client 8,12,2.2436652183532715,19.29824561403509,-15.513287837611784,10.0
Private Client 8,13,2.2364420890808105,20.789473684210527,-14.848171909254422,10.0
Private Client 8,14,2.2307512760162354,20.526315789473685,-14.183055980897056,10.0
Private Client 8,15,2.233464479446411,22.403508771929825,-13.517940052539693,10.0
Private Client 8,16,2.2121245861053467,24.210526315789473,-12.85282412418233,10.0
Private Client 8,17,2.221391201019287,25.035087719298247,-12.187708195824968,10.0
Private Client 8,18,2.208606004714966,27.350877192982455,-11.079181648562695,10.0
Private Client 8,19,2.2005579471588135,26.24561403508772,-10.414065720205329,10.0
Private Client 8,20,2.1857948303222656,27.56140350877193,-9.748949791847966,10.0
Private Client 8,21,2.181678056716919,27.526315789473685,-9.083833863490604,10.0
Private Client 8,22,2.192078113555908,28.771929824561404,-8.197012625680784,10.0
Private Client 8,23,2.159872531890869,30.92982456140351,-7.531896697323423,10.0
Private Client 8,24,2.159324884414673,32.08771929824562,-7.088486078418513,10.0
Private Client 8,25,2.1447062492370605,32.98245614035088,-6.201664840608694,10.0
Private Client 8,26,2.1491048336029053,31.92982456140351,-5.536548912251331,10.0
Private Client 8,27,2.1459293365478516,35.175438596491226,-4.649727674441512,10.0
Private Client 8,28,2.1070852279663086,34.85964912280702,-3.9846117460841493,10.0
Private Client 8,29,2.0901401042938232,35.3859649122807,-3.3194958177267866,10.0
Private Client 8,30,2.0639801025390625,34.771929824561404,-2.2109692704645143,10.0
Private Client 8,31,2.0626866817474365,34.14035087719298,-1.5458533421071516,10.0
Private Client 8,32,2.064531087875366,35.6140350877193,-0.8807374137497854,10.0
Private Client 8,33,2.0648295879364014,36.64912280701754,-0.21562148539242276,10.0
Private Client 8,34,2.0401158332824707,36.8421052631579,0.4494944429649399,10.0
Private Client 8,35,2.028777599334717,38.228070175438596,1.1146103713223026,10.0
Private Client 8,36,2.0291028022766113,36.771929824561404,1.7797262996796688,10.0
Private Client 8,37,1.9966678619384766,39.8421052631579,2.6665475374894845,10.0
Private Client 8,38,1.9867331981658936,39.98245614035088,3.331663465846847,10.0
Private Client 8,39,1.9544347524642944,37.6140350877193,4.218484703656666,10.0
Private Client 8,40,1.9553722143173218,39.75438596491228,4.883600632014029,10.0
Private Client 8,41,1.9094562530517578,39.666666666666664,5.548716560371395,10.0
Private Client 8,42,1.865780234336853,41.12280701754386,6.213832488728754,10.0
Private Client 8,43,1.8971627950668335,42.87719298245614,7.100653726538574,10.0
Private Client 8,44,1.8605525493621826,41.719298245614034,7.76576965489594,10.0
Private Client 8,45,1.8436977863311768,42.29824561403509,8.430885583253307,10.0
Private Client 8,46,1.8274074792861938,41.80701754385965,9.096001511610666,10.0
Private Client 8,47,1.7987594604492188,44.3859649122807,9.982822749420485,10.0
Private Client 8,48,1.795684576034546,43.14035087719298,10.647938677777852,10.0
Private Client 8,49,1.749436378479004,43.19298245614035,11.534759915587664,10.0
Private Client 9,0,2.307291269302368,7.631578947368421,-25.71173207242469,10.0
Private Client 9,1,2.3076839447021484,8.333333333333334,-25.046616144067325,10.0
Private Client 9,2,2.2935051918029785,9.350877192982455,-24.15979490625751,10.0
Private Client 9,3,2.3038530349731445,9.210526315789474,-23.7163842873526,10.0
Private Client 9,4,2.291252374649048,10.403508771929825,-23.051268358995237,10.0
Private Client 9,5,2.2810025215148926,11.912280701754385,-22.386152430637875,10.0
Private Client 9,6,2.2839550971984863,12.964912280701755,-21.72103650228051,10.0
Private Client 9,7,2.271570920944214,13.789473684210526,-21.055920573923146,10.0
Private Client 9,8,2.2679576873779297,15.578947368421053,-20.390804645565783,10.0
Private Client 9,9,2.27060604095459,18.63157894736842,-19.725688717208417,10.0
Private Client 9,10,2.259089231491089,17.19298245614035,-19.28227809830351,10.0
Private Client 9,11,2.254335880279541,20.894736842105264,-18.39545686049369,10.0
Private Client 9,12,2.2461299896240234,20.157894736842106,-17.508635622683876,10.0
Private Client 9,13,2.236675977706909,20.94736842105263,-16.621814384874057,10.0
Private Client 9,14,2.2138736248016357,22.29824561403509,-15.734993147064237,10.0
Private Client 9,15,2.219423294067383,23.0,-14.848171909254422,10.0
Private Client 9,16,2.2197139263153076,22.54385964912281,-13.961350671444603,10.0
Private Client 9,17,2.2287745475769043,23.385964912280702,-13.29623474308724,10.0
Private Client 9,18,2.196366786956787,25.63157894736842,-12.40941350527742,10.0
Private Client 9,19,2.207242488861084,26.280701754385966,-11.744297576920058,10.0
Private Client 9,20,2.1868977546691895,28.596491228070175,-10.857476339110239,10.0
Private Client 9,21,2.1793036460876465,28.87719298245614,-10.192360410752876,10.0
Private Client 9,22,2.1686484813690186,29.57894736842105,-9.305539172943057,10.0
Private Client 9,23,2.1721136569976807,31.526315789473685,-8.197012625680784,10.0
Private Client 9,24,2.1424360275268555,33.21052631578947,-7.531896697323423,10.0
Private Client 9,25,2.1385626792907715,34.89473684210526,-6.6450754595136035,10.0
Private Client 9,26,2.1181139945983887,36.80701754385965,-5.758254221703784,10.0
Private Client 9,27,2.105180025100708,37.333333333333336,-4.8714329838939685,10.0
Private Client 9,28,2.091057062149048,36.1578947368421,-3.9846117460841493,10.0
Private Client 9,29,2.093991756439209,36.771929824561404,-3.3194958177267866,10.0
Private Client 9,30,2.078115224838257,36.473684210526315,-2.4326745799169673,10.0
Private Client 9,31,2.0810046195983887,37.36842105263158,-1.9892639610120577,10.0
Private Client 9,32,2.0407919883728027,37.473684210526315,-1.102442723202242,10.0
Private Client 9,33,2.0280568599700928,37.54385964912281,-0.43732679484487935,10.0
Private Client 9,34,2.0399250984191895,37.92982456140351,0.22778913351248686,10.0
Private Client 9,35,2.015411138534546,36.8421052631579,1.1146103713223026,10.0
Private Client 9,36,1.977879285812378,39.31578947368421,1.7797262996796688,10.0
Private Client 9,37,1.9638478755950928,40.87719298245614,2.4448422280370314,10.0
Private Client 9,38,1.9731714725494385,39.98245614035088,3.5533687752993037,10.0
Private Client 9,39,1.9643065929412842,40.05263157894737,4.440190013109123,10.0
Private Client 9,40,1.917940378189087,41.59649122807018,4.883600632014029,10.0
Private Client 9,41,1.9251115322113037,44.280701754385966,5.770421869823848,10.0
Private Client 9,42,1.8903945684432983,43.73684210526316,6.878948417086121,10.0
Private Client 9,43,1.8743598461151123,44.21052631578947,7.544064345443487,10.0
Private Client 9,44,1.788840651512146,43.68421052631579,8.209180273800847,10.0
Private Client 9,45,1.8465135097503662,43.59649122807018,8.874296202158213,10.0
Private Client 9,46,1.832034707069397,43.666666666666664,9.761117439968032,10.0
Private Client 9,47,1.7964611053466797,44.35087719298246,10.426233368325391,10.0
Private Client 9,48,1.7608263492584229,45.08771929824562,11.091349296682758,10.0
Private Client 9,49,1.7352288961410522,45.96491228070175,12.19987584394503,10.0
