accuracy,client,client_trust_score,client_score
57.641666666666666,0,0.1,0.1
57.641666666666666,1,0.1,0.1
57.641666666666666,2,0.1,0.1
57.641666666666666,3,0.1,0.1
57.641666666666666,4,0.1,0.1
57.641666666666666,5,0.1,0.1
57.641666666666666,6,0.1,0.1
57.641666666666666,7,0.1,0.1
57.641666666666666,8,0.1,0.1
57.641666666666666,9,0.1,0.1
71.30833333333334,0,0.1,0.1
71.30833333333334,1,0.1,0.1
71.30833333333334,2,0.1,0.1
71.30833333333334,3,0.1,0.1
71.30833333333334,4,0.1,0.1
71.30833333333334,5,0.1,0.1
71.30833333333334,6,0.1,0.1
71.30833333333334,7,0.1,0.1
71.30833333333334,8,0.1,0.1
71.30833333333334,9,0.1,0.1
79.18333333333334,0,0.1,0.1
79.18333333333334,1,0.1,0.1
79.18333333333334,2,0.1,0.1
79.18333333333334,3,0.1,0.1
79.18333333333334,4,0.1,0.1
79.18333333333334,5,0.1,0.1
79.18333333333334,6,0.1,0.1
79.18333333333334,7,0.1,0.1
79.18333333333334,8,0.1,0.1
79.18333333333334,9,0.1,0.1
81.4,0,0.1,0.1
81.4,1,0.1,0.1
81.4,2,0.1,0.1
81.4,3,0.1,0.1
81.4,4,0.1,0.1
81.4,5,0.1,0.1
81.4,6,0.1,0.1
81.4,7,0.1,0.1
81.4,8,0.1,0.1
81.4,9,0.1,0.1
84.14166666666667,0,0.1,0.1
84.14166666666667,1,0.1,0.1
84.14166666666667,2,0.1,0.1
84.14166666666667,3,0.1,0.1
84.14166666666667,4,0.1,0.1
84.14166666666667,5,0.1,0.1
84.14166666666667,6,0.1,0.1
84.14166666666667,7,0.1,0.1
84.14166666666667,8,0.1,0.1
84.14166666666667,9,0.1,0.1
86.45833333333333,0,0.1,0.1
86.45833333333333,1,0.1,0.1
86.45833333333333,2,0.1,0.1
86.45833333333333,3,0.1,0.1
86.45833333333333,4,0.1,0.1
86.45833333333333,5,0.1,0.1
86.45833333333333,6,0.1,0.1
86.45833333333333,7,0.1,0.1
86.45833333333333,8,0.1,0.1
86.45833333333333,9,0.1,0.1
87.65,0,0.1,0.1
87.65,1,0.1,0.1
87.65,2,0.1,0.1
87.65,3,0.1,0.1
87.65,4,0.1,0.1
87.65,5,0.1,0.1
87.65,6,0.1,0.1
87.65,7,0.1,0.1
87.65,8,0.1,0.1
87.65,9,0.1,0.1
88.31666666666666,0,0.1,0.1
88.31666666666666,1,0.1,0.1
88.31666666666666,2,0.1,0.1
88.31666666666666,3,0.1,0.1
88.31666666666666,4,0.1,0.1
88.31666666666666,5,0.1,0.1
88.31666666666666,6,0.1,0.1
88.31666666666666,7,0.1,0.1
88.31666666666666,8,0.1,0.1
88.31666666666666,9,0.1,0.1
89.38333333333334,0,0.1,0.1
89.38333333333334,1,0.1,0.1
89.38333333333334,2,0.1,0.1
89.38333333333334,3,0.1,0.1
89.38333333333334,4,0.1,0.1
89.38333333333334,5,0.1,0.1
89.38333333333334,6,0.1,0.1
89.38333333333334,7,0.1,0.1
89.38333333333334,8,0.1,0.1
89.38333333333334,9,0.1,0.1
89.66666666666667,0,0.1,0.1
89.66666666666667,1,0.1,0.1
89.66666666666667,2,0.1,0.1
89.66666666666667,3,0.1,0.1
89.66666666666667,4,0.1,0.1
89.66666666666667,5,0.1,0.1
89.66666666666667,6,0.1,0.1
89.66666666666667,7,0.1,0.1
89.66666666666667,8,0.1,0.1
89.66666666666667,9,0.1,0.1
90.30833333333334,0,0.1,0.1
90.30833333333334,1,0.1,0.1
90.30833333333334,2,0.1,0.1
90.30833333333334,3,0.1,0.1
90.30833333333334,4,0.1,0.1
90.30833333333334,5,0.1,0.1
90.30833333333334,6,0.1,0.1
90.30833333333334,7,0.1,0.1
90.30833333333334,8,0.1,0.1
90.30833333333334,9,0.1,0.1
90.63333333333334,0,0.1,0.1
90.63333333333334,1,0.1,0.1
90.63333333333334,2,0.1,0.1
90.63333333333334,3,0.1,0.1
90.63333333333334,4,0.1,0.1
90.63333333333334,5,0.1,0.1
90.63333333333334,6,0.1,0.1
90.63333333333334,7,0.1,0.1
90.63333333333334,8,0.1,0.1
90.63333333333334,9,0.1,0.1
90.93333333333334,0,0.1,0.1
90.93333333333334,1,0.1,0.1
90.93333333333334,2,0.1,0.1
90.93333333333334,3,0.1,0.1
90.93333333333334,4,0.1,0.1
90.93333333333334,5,0.1,0.1
90.93333333333334,6,0.1,0.1
90.93333333333334,7,0.1,0.1
90.93333333333334,8,0.1,0.1
90.93333333333334,9,0.1,0.1
91.35,0,0.1,0.1
91.35,1,0.1,0.1
91.35,2,0.1,0.1
91.35,3,0.1,0.1
91.35,4,0.1,0.1
91.35,5,0.1,0.1
91.35,6,0.1,0.1
91.35,7,0.1,0.1
91.35,8,0.1,0.1
91.35,9,0.1,0.1
91.58333333333333,0,0.1,0.1
91.58333333333333,1,0.1,0.1
91.58333333333333,2,0.1,0.1
91.58333333333333,3,0.1,0.1
91.58333333333333,4,0.1,0.1
91.58333333333333,5,0.1,0.1
91.58333333333333,6,0.1,0.1
91.58333333333333,7,0.1,0.1
91.58333333333333,8,0.1,0.1
91.58333333333333,9,0.1,0.1
91.75833333333334,0,0.1,0.1
91.75833333333334,1,0.1,0.1
91.75833333333334,2,0.1,0.1
91.75833333333334,3,0.1,0.1
91.75833333333334,4,0.1,0.1
91.75833333333334,5,0.1,0.1
91.75833333333334,6,0.1,0.1
91.75833333333334,7,0.1,0.1
91.75833333333334,8,0.1,0.1
91.75833333333334,9,0.1,0.1
91.925,0,0.1,0.1
91.925,1,0.1,0.1
91.925,2,0.1,0.1
91.925,3,0.1,0.1
91.925,4,0.1,0.1
91.925,5,0.1,0.1
91.925,6,0.1,0.1
91.925,7,0.1,0.1
91.925,8,0.1,0.1
91.925,9,0.1,0.1
92.23333333333333,0,0.1,0.1
92.23333333333333,1,0.1,0.1
92.23333333333333,2,0.1,0.1
92.23333333333333,3,0.1,0.1
92.23333333333333,4,0.1,0.1
92.23333333333333,5,0.1,0.1
92.23333333333333,6,0.1,0.1
92.23333333333333,7,0.1,0.1
92.23333333333333,8,0.1,0.1
92.23333333333333,9,0.1,0.1
92.3,0,0.1,0.1
92.3,1,0.1,0.1
92.3,2,0.1,0.1
92.3,3,0.1,0.1
92.3,4,0.1,0.1
92.3,5,0.1,0.1
92.3,6,0.1,0.1
92.3,7,0.1,0.1
92.3,8,0.1,0.1
92.3,9,0.1,0.1
92.7,0,0.1,0.1
92.7,1,0.1,0.1
92.7,2,0.1,0.1
92.7,3,0.1,0.1
92.7,4,0.1,0.1
92.7,5,0.1,0.1
92.7,6,0.1,0.1
92.7,7,0.1,0.1
92.7,8,0.1,0.1
92.7,9,0.1,0.1
92.825,0,0.1,0.1
92.825,1,0.1,0.1
92.825,2,0.1,0.1
92.825,3,0.1,0.1
92.825,4,0.1,0.1
92.825,5,0.1,0.1
92.825,6,0.1,0.1
92.825,7,0.1,0.1
92.825,8,0.1,0.1
92.825,9,0.1,0.1
92.775,0,0.1,0.1
92.775,1,0.1,0.1
92.775,2,0.1,0.1
92.775,3,0.1,0.1
92.775,4,0.1,0.1
92.775,5,0.1,0.1
92.775,6,0.1,0.1
92.775,7,0.1,0.1
92.775,8,0.1,0.1
92.775,9,0.1,0.1
93.325,0,0.1,0.1
93.325,1,0.1,0.1
93.325,2,0.1,0.1
93.325,3,0.1,0.1
93.325,4,0.1,0.1
93.325,5,0.1,0.1
93.325,6,0.1,0.1
93.325,7,0.1,0.1
93.325,8,0.1,0.1
93.325,9,0.1,0.1
93.35833333333333,0,0.1,0.1
93.35833333333333,1,0.1,0.1
93.35833333333333,2,0.1,0.1
93.35833333333333,3,0.1,0.1
93.35833333333333,4,0.1,0.1
93.35833333333333,5,0.1,0.1
93.35833333333333,6,0.1,0.1
93.35833333333333,7,0.1,0.1
93.35833333333333,8,0.1,0.1
93.35833333333333,9,0.1,0.1
93.49166666666666,0,0.1,0.1
93.49166666666666,1,0.1,0.1
93.49166666666666,2,0.1,0.1
93.49166666666666,3,0.1,0.1
93.49166666666666,4,0.1,0.1
93.49166666666666,5,0.1,0.1
93.49166666666666,6,0.1,0.1
93.49166666666666,7,0.1,0.1
93.49166666666666,8,0.1,0.1
93.49166666666666,9,0.1,0.1
93.50833333333334,0,0.1,0.1
93.50833333333334,1,0.1,0.1
93.50833333333334,2,0.1,0.1
93.50833333333334,3,0.1,0.1
93.50833333333334,4,0.1,0.1
93.50833333333334,5,0.1,0.1
93.50833333333334,6,0.1,0.1
93.50833333333334,7,0.1,0.1
93.50833333333334,8,0.1,0.1
93.50833333333334,9,0.1,0.1
