client,epoch,loss,training_accuracy,epsilon,delta
Client 0,0,1.4904043674468994,52.07017543859649,,
Client 0,1,0.6082847118377686,56.3859649122807,,
Client 0,2,0.457151859998703,57.26315789473684,,
Client 0,3,0.38385146856307983,58.21052631578947,,
Client 0,4,0.3347870111465454,58.228070175438596,,
Client 1,0,1.4686825275421143,52.31578947368421,,
Client 1,1,0.6088348031044006,56.3859649122807,,
Client 1,2,0.44244250655174255,57.78947368421053,,
Client 1,3,0.36705282330513,58.50877192982456,,
Client 1,4,0.32832804322242737,59.10526315789474,,
Client 2,0,1.4291847944259644,53.19298245614035,,
Client 2,1,0.5599062442779541,56.824561403508774,,
Client 2,2,0.40426698327064514,57.98245614035088,,
Client 2,3,0.32963287830352783,58.70175438596491,,
Client 2,4,0.29271557927131653,59.280701754385966,,
Client 3,0,1.4874889850616455,52.94736842105263,,
Client 3,1,0.5909316539764404,56.45614035087719,,
Client 3,2,0.4222310483455658,57.8421052631579,,
Client 3,3,0.3539060950279236,58.68421052631579,,
Client 3,4,0.3034698963165283,59.333333333333336,,
Client 4,0,1.4818730354309082,52.43859649122807,,
Client 4,1,0.581430196762085,56.3859649122807,,
Client 4,2,0.42626577615737915,57.40350877192982,,
Client 4,3,0.36231058835983276,58.31578947368421,,
Client 4,4,0.3124503493309021,58.89473684210526,,
Client 5,0,1.4784706830978394,52.35087719298246,,
Client 5,1,0.596351683139801,56.63157894736842,,
Client 5,2,0.42681387066841125,57.68421052631579,,
Client 5,3,0.3556051552295685,58.59649122807018,,
Client 5,4,0.3191401958465576,59.19298245614035,,
Client 6,0,1.4644745588302612,52.1578947368421,,
Client 6,1,0.6072332262992859,56.70175438596491,,
Client 6,2,0.41181838512420654,57.54385964912281,,
Client 6,3,0.36187824606895447,57.98245614035088,,
Client 6,4,0.30804669857025146,58.68421052631579,,
Client 7,0,1.4762134552001953,52.771929824561404,,
Client 7,1,0.578015148639679,56.31578947368421,,
Client 7,2,0.4195161759853363,57.3859649122807,,
Client 7,3,0.3597842752933502,58.578947368421055,,
Client 7,4,0.31951361894607544,58.96491228070175,,
Client 8,0,1.4990965127944946,52.73684210526316,,
Client 8,1,0.5953811407089233,56.75438596491228,,
Client 8,2,0.429531455039978,57.92982456140351,,
Client 8,3,0.3630632758140564,58.59649122807018,,
Client 8,4,0.32114264369010925,59.05263157894737,,
Client 9,0,1.4440014362335205,52.94736842105263,,
Client 9,1,0.5606614351272583,56.89473684210526,,
Client 9,2,0.3930637240409851,57.56140350877193,,
Client 9,3,0.3294306993484497,58.473684210526315,,
Client 9,4,0.28965356945991516,59.56140350877193,,
