client,epoch,loss,training_accuracy,epsilon,delta
Private Client 0,0,2.3036580085754395,8.105263157894736,-26.044298289569568,10.0
Private Client 0,1,2.290440320968628,10.12280701754386,-25.60089867461959,10.0
Private Client 0,2,2.2886288166046143,11.894736842105264,-25.268348963407103,10.0
Private Client 0,3,2.2864606380462646,16.05263157894737,-24.82494934845712,10.0
Private Client 0,4,2.263197422027588,17.771929824561404,-24.38154973350714,10.0
Private Client 0,5,2.2659270763397217,21.31578947368421,-23.93815011855716,10.0
Private Client 0,6,2.247279405593872,21.649122807017545,-23.605600407344674,10.0
Private Client 0,7,2.245575428009033,23.894736842105264,-23.273050696132188,10.0
Private Client 0,8,2.2375731468200684,26.49122807017544,-22.718801177444714,10.0
Private Client 0,9,2.225038766860962,29.17543859649123,-22.386251466232228,10.0
Private Client 0,10,2.220484733581543,29.19298245614035,-22.05370175501974,10.0
Private Client 0,11,2.2077999114990234,30.63157894736842,-21.61030214006976,10.0
Private Client 0,12,2.204347848892212,32.50877192982456,-21.277752428857273,10.0
Private Client 0,13,2.18811297416687,33.08771929824562,-20.94520271764479,10.0
Private Client 0,14,2.1744132041931152,35.05263157894737,-20.612653006432303,10.0
Private Client 0,15,2.166346788406372,35.0,-20.390953198957313,10.0
Private Client 0,16,2.1474456787109375,34.35087719298246,-20.05840348774483,10.0
Private Client 0,17,2.118112802505493,37.07017543859649,-19.615003872794848,10.0
Private Client 0,18,2.119269609451294,37.73684210526316,-19.28245416158236,10.0
Private Client 0,19,2.118548631668091,40.421052631578945,-18.949904450369875,10.0
Private Client 0,20,2.0817689895629883,37.43859649122807,-18.506504835419893,10.0
Private Client 0,21,2.078331708908081,40.24561403508772,-18.063105220469915,10.0
Private Client 0,22,2.101174831390381,40.333333333333336,-17.730555509257428,10.0
Private Client 0,23,2.0518577098846436,39.89473684210526,-17.398005798044945,10.0
Private Client 0,24,2.0274336338043213,40.89473684210526,-17.06545608683246,10.0
Private Client 0,25,2.011009454727173,41.70175438596491,-16.622056471882477,10.0
Private Client 0,26,2.004002332687378,42.43859649122807,-16.28950676066999,10.0
Private Client 0,27,1.9719064235687256,42.07017543859649,-15.846107145720012,10.0
Private Client 0,28,1.9645740985870361,42.10526315789474,-15.291857627032535,10.0
Private Client 0,29,1.9664993286132812,41.24561403508772,-14.959307915820048,10.0
Private Client 0,30,1.901694655418396,41.96491228070175,-14.626758204607565,10.0
Private Client 0,31,1.895958662033081,42.75438596491228,-14.294208493395079,10.0
Private Client 0,32,1.8373991250991821,44.0,-13.961658782182592,10.0
Private Client 0,33,1.8429756164550781,43.91228070175438,-13.51825916723261,10.0
Private Client 0,34,1.8391402959823608,44.473684210526315,-13.185709456020128,10.0
Private Client 0,35,1.7874233722686768,46.14035087719298,-12.853159744807641,10.0
Private Client 0,36,1.7946720123291016,43.578947368421055,-12.520610033595155,10.0
Private Client 0,37,1.774675965309143,44.96491228070175,-12.188060322382668,10.0
Private Client 0,38,1.724311113357544,45.64912280701754,-11.855510611170182,10.0
Private Client 0,39,1.7056916952133179,46.0,-11.522960899957699,10.0
Private Client 0,40,1.6664543151855469,45.824561403508774,-11.079561285007717,10.0
Private Client 0,41,1.6755481958389282,47.03508771929825,-10.636161670057735,10.0
Private Client 0,42,1.5961045026779175,46.19298245614035,-10.081912151370258,10.0
Private Client 0,43,1.6000646352767944,46.3859649122807,-9.749362440157775,10.0
Private Client 0,44,1.5098888874053955,44.35087719298246,-9.416812728945288,10.0
Private Client 0,45,1.5322706699371338,48.6140350877193,-9.084263017732802,10.0
Private Client 0,46,1.5149970054626465,48.40350877192982,-8.64086340278282,10.0
Private Client 0,47,1.5429999828338623,46.08771929824562,-8.197463787832842,10.0
Private Client 0,48,1.4624156951904297,47.08771929824562,-7.643214269145365,10.0
Private Client 0,49,1.4221718311309814,48.8421052631579,-7.310664557932879,10.0
Private Client 0,50,1.4334796667099,48.29824561403509,-6.978114846720396,10.0
Private Client 0,51,1.3330074548721313,46.578947368421055,-6.534715231770414,10.0
Private Client 0,52,1.2858784198760986,48.1578947368421,-6.202165520557927,10.0
Private Client 0,53,1.2555110454559326,48.94736842105263,-5.758765905607949,10.0
Private Client 0,54,1.2677562236785889,47.07017543859649,-5.4262161943954625,10.0
Private Client 0,55,1.2463115453720093,48.666666666666664,-5.093666483182976,10.0
Private Client 0,56,1.2692228555679321,48.473684210526315,-4.539416964495499,10.0
Private Client 0,57,1.2204704284667969,49.333333333333336,-4.206867253283016,10.0
Private Client 0,58,1.1994065046310425,51.63157894736842,-3.763467638333034,10.0
Private Client 0,59,1.1849348545074463,50.85964912280702,-3.320068023383052,10.0
Private Client 0,60,1.0417547225952148,50.8421052631579,-2.8766684084330736,10.0
Private Client 0,61,1.0761536359786987,48.87719298245614,-2.322418889745596,10.0
Private Client 0,62,1.0249155759811401,51.89473684210526,-1.9898691785331097,10.0
Private Client 0,63,1.0014275312423706,49.21052631578947,-1.7681693710581188,10.0
Private Client 0,64,1.0160363912582397,49.89473684210526,-1.3247697561081404,10.0
Private Client 0,65,1.0869687795639038,51.05263157894737,-0.992220044895654,10.0
Private Client 0,66,0.9586103558540344,51.473684210526315,-0.6596703336831675,10.0
Private Client 0,67,0.9746584892272949,52.85964912280702,-0.2162707187331856,10.0
Private Client 0,68,1.001861810684204,50.78947368421053,0.005429088741801813,10.0
Private Client 0,69,0.9985871315002441,50.78947368421053,0.5596786074292792,10.0
Private Client 0,70,0.9809226989746094,53.98245614035088,1.0030782223792611,10.0
Private Client 0,71,0.9582957029342651,51.26315789473684,1.4464778373292395,10.0
Private Client 0,72,0.9448040127754211,51.228070175438596,1.8898774522792214,10.0
Private Client 0,73,0.8478423953056335,49.771929824561404,2.222427163491708,10.0
Private Client 0,74,0.9469264149665833,51.333333333333336,2.7766766821791817,10.0
Private Client 0,75,0.6900568604469299,52.333333333333336,3.109226393391668,10.0
Private Client 0,76,0.8452702760696411,51.91228070175438,3.55262600834165,10.0
Private Client 0,77,0.910125732421875,51.05263157894737,3.996025623291632,10.0
Private Client 0,78,0.7609026432037354,52.1578947368421,4.43942523824161,10.0
Private Client 0,79,0.7229079008102417,51.59649122807018,4.661125045716601,10.0
Private Client 0,80,0.7931966185569763,53.59649122807018,4.993674756929088,10.0
Private Client 0,81,0.8130500912666321,52.824561403508774,5.215374564404079,10.0
Private Client 0,82,0.9740764498710632,52.07017543859649,5.769624083091556,10.0
Private Client 0,83,0.7736209034919739,53.43859649122807,6.213023698041538,10.0
Private Client 0,84,0.7015989422798157,52.96491228070175,6.656423312991513,10.0
Private Client 0,85,0.8592637181282043,50.70175438596491,7.099822927941495,10.0
Private Client 0,86,0.7434459924697876,53.8421052631579,7.432372639153981,10.0
Private Client 0,87,0.7636415362358093,52.421052631578945,7.986622157841459,10.0
Private Client 0,88,0.7330813407897949,52.70175438596491,8.430021772791441,10.0
Private Client 0,89,0.7631546258926392,52.35087719298246,8.873421387741423,10.0
Private Client 0,90,0.7904006242752075,53.10526315789474,9.095121195216414,10.0
Private Client 0,91,0.6609452962875366,52.89473684210526,9.53852081016639,10.0
Private Client 0,92,0.7226605415344238,52.75438596491228,9.981920425116371,10.0
Private Client 0,93,0.7967907786369324,54.59649122807018,10.425320040066353,10.0
Private Client 0,94,0.5782516598701477,53.10526315789474,10.75786975127884,10.0
Private Client 0,95,0.6773504614830017,54.771929824561404,11.090419462491326,10.0
Private Client 0,96,0.7209347486495972,53.6140350877193,11.312119269966317,10.0
Private Client 0,97,0.6762829422950745,54.0,11.866368788653794,10.0
Private Client 0,98,0.7014603018760681,55.0,12.198918499866274,10.0
Private Client 0,99,0.6189066767692566,54.94736842105263,12.53146821107876,10.0
Private Client 1,0,2.29231595993042,7.964912280701754,-25.933448385832072,10.0
Private Client 1,1,2.296875238418579,11.596491228070175,-25.60089867461959,10.0
Private Client 1,2,2.2807669639587402,13.929824561403509,-25.046649155932112,10.0
Private Client 1,3,2.2777719497680664,14.298245614035087,-24.714099444719626,10.0
Private Client 1,4,2.2701663970947266,15.701754385964913,-24.38154973350714,10.0
Private Client 1,5,2.2596640586853027,16.228070175438596,-24.049000022294656,10.0
Private Client 1,6,2.2545948028564453,17.105263157894736,-23.605600407344674,10.0
Private Client 1,7,2.2389302253723145,18.280701754385966,-23.273050696132188,10.0
Private Client 1,8,2.2382311820983887,20.05263157894737,-22.718801177444714,10.0
Private Client 1,9,2.225731611251831,27.385964912280702,-22.386251466232228,10.0
Private Client 1,10,2.218045711517334,29.92982456140351,-22.05370175501974,10.0
Private Client 1,11,2.2197744846343994,31.666666666666668,-21.721152043807255,10.0
Private Client 1,12,2.2013907432556152,34.6140350877193,-21.38860233259477,10.0
Private Client 1,13,2.1894984245300293,34.94736842105263,-21.056052621382285,10.0
Private Client 1,14,2.1651031970977783,35.73684210526316,-20.612653006432303,10.0
Private Client 1,15,2.160045623779297,36.50877192982456,-20.169253391482325,10.0
Private Client 1,16,2.1408252716064453,38.14035087719298,-19.725853776532343,10.0
Private Client 1,17,2.13529634475708,37.26315789473684,-19.393304065319857,10.0
Private Client 1,18,2.12868070602417,38.54385964912281,-18.83905454663238,10.0
Private Client 1,19,2.1228010654449463,39.578947368421055,-18.3956549316824,10.0
Private Client 1,20,2.0745084285736084,40.64912280701754,-18.063105220469915,10.0
Private Client 1,21,2.0982067584991455,40.333333333333336,-17.730555509257428,10.0
Private Client 1,22,2.0619654655456543,39.24561403508772,-17.28715589430745,10.0
Private Client 1,23,2.0392699241638184,40.526315789473685,-16.843756279357468,10.0
Private Client 1,24,2.058161735534668,40.29824561403509,-16.51120656814498,10.0
Private Client 1,25,2.00576114654541,41.59649122807018,-16.067806953195003,10.0
Private Client 1,26,2.014171600341797,43.96491228070175,-15.624407338245021,10.0
Private Client 1,27,1.96881103515625,42.666666666666664,-15.291857627032535,10.0
Private Client 1,28,1.9727652072906494,41.24561403508772,-14.959307915820048,10.0
Private Client 1,29,1.9565467834472656,43.666666666666664,-14.626758204607565,10.0
Private Client 1,30,1.9075809717178345,43.3859649122807,-14.294208493395079,10.0
Private Client 1,31,1.900570273399353,44.01754385964912,-13.961658782182592,10.0
Private Client 1,32,1.8612403869628906,43.78947368421053,-13.629109070970106,10.0
Private Client 1,33,1.836525321006775,45.03508771929825,-13.29655935975762,10.0
Private Client 1,34,1.8324092626571655,45.26315789473684,-12.964009648545137,10.0
Private Client 1,35,1.8329569101333618,44.45614035087719,-12.63145993733265,10.0
Private Client 1,36,1.8209354877471924,44.98245614035088,-12.298910226120164,10.0
Private Client 1,37,1.774361252784729,46.03508771929825,-11.855510611170182,10.0
Private Client 1,38,1.774653434753418,46.50877192982456,-11.522960899957699,10.0
Private Client 1,39,1.701446771621704,46.280701754385966,-11.190411188745212,10.0
Private Client 1,40,1.6829315423965454,45.29824561403509,-10.857861477532726,10.0
Private Client 1,41,1.6301610469818115,46.64912280701754,-10.414461862582744,10.0
Private Client 1,42,1.6370512247085571,45.473684210526315,-9.86021234389527,10.0
Private Client 1,43,1.624450445175171,46.43859649122807,-9.63851253642028,10.0
Private Client 1,44,1.5266047716140747,48.0,-9.195112921470297,10.0
Private Client 1,45,1.4925661087036133,48.526315789473685,-8.751713306520315,10.0
Private Client 1,46,1.4686204195022583,49.31578947368421,-8.308313691570337,10.0
Private Client 1,47,1.5130506753921509,47.49122807017544,-7.9757639803578515,10.0
Private Client 1,48,1.4158658981323242,47.29824561403509,-7.53236436540787,10.0
Private Client 1,49,1.4155569076538086,47.91228070175438,-7.088964750457891,10.0
Private Client 1,50,1.3601467609405518,48.280701754385966,-6.756415039245405,10.0
Private Client 1,51,1.4040799140930176,47.473684210526315,-6.423865328032918,10.0
Private Client 1,52,1.3185923099517822,48.771929824561404,-5.869615809345441,10.0
Private Client 1,53,1.249964714050293,49.31578947368421,-5.4262161943954625,10.0
Private Client 1,54,1.3007314205169678,47.56140350877193,-4.982816579445481,10.0
Private Client 1,55,1.1906875371932983,49.526315789473685,-4.539416964495499,10.0
Private Client 1,56,1.2084325551986694,49.05263157894737,-4.09601734954552,10.0
Private Client 1,57,1.1329238414764404,49.526315789473685,-3.763467638333034,10.0
Private Client 1,58,1.0956600904464722,51.21052631578947,-3.4309179271205474,10.0
Private Client 1,59,1.2112061977386475,50.31578947368421,-2.9875183121705655,10.0
Private Client 1,60,1.0750609636306763,49.666666666666664,-2.544118697220587,10.0
Private Client 1,61,1.0325496196746826,50.19298245614035,-2.2115689860081007,10.0
Private Client 1,62,1.0194404125213623,49.10526315789474,-1.7681693710581188,10.0
Private Client 1,63,1.156403660774231,50.54385964912281,-1.3247697561081404,10.0
Private Client 1,64,0.9474323987960815,50.50877192982456,-0.992220044895654,10.0
Private Client 1,65,1.0394279956817627,50.8421052631579,-0.6596703336831675,10.0
Private Client 1,66,0.8963811993598938,49.08771929824562,-0.2162707187331856,10.0
Private Client 1,67,0.91302090883255,49.19298245614035,0.1162789924792973,10.0
Private Client 1,68,0.9390146136283875,50.96491228070175,0.5596786074292792,10.0
Private Client 1,69,1.0050324201583862,51.1578947368421,1.0030782223792611,10.0
Private Client 1,70,0.9054360389709473,52.10526315789474,1.335627933591744,10.0
Private Client 1,71,0.9047259092330933,51.08771929824562,1.6681776448042305,10.0
Private Client 1,72,0.8858234286308289,52.92982456140351,2.1115772597542124,10.0
Private Client 1,73,0.799665629863739,53.70175438596491,2.5549768747041943,10.0
Private Client 1,74,0.9647669792175293,51.1578947368421,2.887526585916677,10.0
Private Client 1,75,0.8631240129470825,52.07017543859649,3.2200762971291637,10.0
Private Client 1,76,0.8174339532852173,53.07017543859649,3.6634759120791456,10.0
Private Client 1,77,0.8275103569030762,52.29824561403509,4.1068755270291275,10.0
Private Client 1,78,0.6968251466751099,52.59649122807018,4.550275141979106,10.0
Private Client 1,79,0.857123076915741,52.0,4.882824853191592,10.0
Private Client 1,80,0.7334167957305908,52.73684210526316,5.215374564404079,10.0
Private Client 1,81,0.7246881127357483,53.85964912280702,5.658774179354061,10.0
Private Client 1,82,0.7884913086891174,53.73684210526316,5.991323890566547,10.0
Private Client 1,83,0.8780595064163208,52.12280701754386,6.3238736017790265,10.0
Private Client 1,84,0.7926288843154907,52.421052631578945,6.656423312991513,10.0
Private Client 1,85,0.8240566253662109,52.666666666666664,6.988973024203999,10.0
Private Client 1,86,0.8052096366882324,52.12280701754386,7.432372639153981,10.0
Private Client 1,87,0.7573369145393372,52.75438596491228,7.875772254103963,10.0
Private Client 1,88,0.7227069139480591,52.03508771929825,8.20832196531645,10.0
Private Client 1,89,0.6286171078681946,53.80701754385965,8.540871676528937,10.0
Private Client 1,90,0.7533672451972961,52.50877192982456,8.762571484003928,10.0
Private Client 1,91,0.6491917371749878,52.50877192982456,9.095121195216414,10.0
Private Client 1,92,0.6633848547935486,54.824561403508774,9.427670906428894,10.0
Private Client 1,93,0.745628297328949,52.03508771929825,9.76022061764138,10.0
Private Client 1,94,0.7156001925468445,53.54385964912281,10.203620232591362,10.0
Private Client 1,95,0.5647890567779541,52.473684210526315,10.536169943803849,10.0
Private Client 1,96,0.5861260890960693,53.0,10.868719655016335,10.0
Private Client 1,97,0.6454771757125854,53.50877192982456,11.201269366228821,10.0
Private Client 1,98,0.6096455454826355,55.21052631578947,11.533819077441308,10.0
Private Client 1,99,0.703278660774231,53.03508771929825,11.977218692391283,10.0
Private Client 2,0,2.299849033355713,8.508771929824562,-26.044298289569568,10.0
Private Client 2,1,2.294037342071533,10.228070175438596,-25.822598482094577,10.0
Private Client 2,2,2.2864174842834473,14.982456140350877,-25.490048770882094,10.0
Private Client 2,3,2.271550416946411,16.68421052631579,-25.157499059669608,10.0
Private Client 2,4,2.257776975631714,17.228070175438596,-24.935799252194617,10.0
Private Client 2,5,2.2514679431915283,18.63157894736842,-24.492399637244635,10.0
Private Client 2,6,2.2394161224365234,22.263157894736842,-24.270699829769644,10.0
Private Client 2,7,2.246188163757324,22.403508771929825,-23.93815011855716,10.0
Private Client 2,8,2.2203493118286133,29.12280701754386,-23.49475050360718,10.0
Private Client 2,9,2.2200028896331787,28.982456140350877,-23.051350888657197,10.0
Private Client 2,10,2.2115015983581543,28.87719298245614,-22.718801177444714,10.0
Private Client 2,11,2.1971240043640137,27.29824561403509,-22.386251466232228,10.0
Private Client 2,12,2.203615188598633,30.385964912280702,-22.05370175501974,10.0
Private Client 2,13,2.1870360374450684,32.80701754385965,-21.721152043807255,10.0
Private Client 2,14,2.1600658893585205,32.40350877192982,-21.38860233259477,10.0
Private Client 2,15,2.1619465351104736,33.70175438596491,-21.16690252511978,10.0
Private Client 2,16,2.1565334796905518,35.50877192982456,-20.7235029101698,10.0
Private Client 2,17,2.147902727127075,36.526315789473685,-20.390953198957313,10.0
Private Client 2,18,2.119180202484131,36.73684210526316,-19.83670368026984,10.0
Private Client 2,19,2.0948519706726074,38.21052631578947,-19.393304065319857,10.0
Private Client 2,20,2.0949478149414062,40.35087719298246,-19.06075435410737,10.0
Private Client 2,21,2.091756582260132,39.85964912280702,-18.728204642894884,10.0
Private Client 2,22,2.070615291595459,43.96491228070175,-18.284805027944905,10.0
Private Client 2,23,2.062072277069092,41.280701754385966,-17.841405412994924,10.0
Private Client 2,24,2.038639545440674,41.43859649122807,-17.398005798044945,10.0
Private Client 2,25,2.0308852195739746,43.526315789473685,-16.954606183094963,10.0
Private Client 2,26,1.9873735904693604,41.78947368421053,-16.51120656814498,10.0
Private Client 2,27,1.9746659994125366,41.78947368421053,-16.178656856932495,10.0
Private Client 2,28,1.929818868637085,44.280701754385966,-15.624407338245021,10.0
Private Client 2,29,1.9199035167694092,43.80701754385965,-15.18100772329504,10.0
Private Client 2,30,1.9141117334365845,43.771929824561404,-14.848458012082553,10.0
Private Client 2,31,1.895437479019165,44.64912280701754,-14.51590830087007,10.0
Private Client 2,32,1.8446083068847656,45.14035087719298,-14.183358589657583,10.0
Private Client 2,33,1.899396538734436,46.54385964912281,-13.739958974707601,10.0
Private Client 2,34,1.787708044052124,45.40350877192982,-13.407409263495115,10.0
Private Client 2,35,1.7969468832015991,46.36842105263158,-13.074859552282632,10.0
Private Client 2,36,1.7429126501083374,46.19298245614035,-12.63145993733265,10.0
Private Client 2,37,1.710707426071167,46.175438596491226,-12.077210418645173,10.0
Private Client 2,38,1.7087329626083374,47.3859649122807,-11.74466070743269,10.0
Private Client 2,39,1.654107689857483,45.05263157894737,-11.412110996220203,10.0
Private Client 2,40,1.6897449493408203,45.07017543859649,-10.968711381270221,10.0
Private Client 2,41,1.6739851236343384,46.8421052631579,-10.636161670057735,10.0
Private Client 2,42,1.5940583944320679,47.473684210526315,-10.303611958845249,10.0
Private Client 2,43,1.602826476097107,46.6140350877193,-9.971062247632766,10.0
Private Client 2,44,1.5968499183654785,49.29824561403509,-9.527662632682784,10.0
Private Client 2,45,1.503542184829712,48.78947368421053,-9.084263017732802,10.0
Private Client 2,46,1.5145357847213745,48.36842105263158,-8.751713306520315,10.0
Private Client 2,47,1.4436355829238892,49.35087719298246,-8.308313691570337,10.0
Private Client 2,48,1.4869599342346191,50.14035087719298,-7.864914076620356,10.0
Private Client 2,49,1.4542005062103271,49.824561403508774,-7.421514461670374,10.0
Private Client 2,50,1.3884260654449463,49.719298245614034,-7.088964750457891,10.0
Private Client 2,51,1.2686421871185303,48.91228070175438,-6.756415039245405,10.0
Private Client 2,52,1.2622835636138916,50.21052631578947,-6.313015424295423,10.0
Private Client 2,53,1.1745885610580444,49.14035087719298,-5.980465713082936,10.0
Private Client 2,54,1.220746397972107,50.31578947368421,-5.537066098132958,10.0
Private Client 2,55,1.2426519393920898,50.3859649122807,-5.204516386920472,10.0
Private Client 2,56,1.2088607549667358,50.280701754385966,-4.871966675707985,10.0
Private Client 2,57,1.1948878765106201,50.96491228070175,-4.539416964495499,10.0
Private Client 2,58,1.1478605270385742,49.473684210526315,-4.09601734954552,10.0
Private Client 2,59,1.082413911819458,50.59649122807018,-3.8743175420705294,10.0
Private Client 2,60,1.0376094579696655,52.59649122807018,-3.4309179271205474,10.0
Private Client 2,61,1.034111738204956,50.75438596491228,-3.098368215908061,10.0
Private Client 2,62,1.0307756662368774,51.666666666666664,-2.6549686009580826,10.0
Private Client 2,63,1.0041333436965942,48.63157894736842,-2.2115689860081007,10.0
Private Client 2,64,1.032388687133789,55.08771929824562,-1.7681693710581188,10.0
Private Client 2,65,0.9321674108505249,52.21052631578947,-1.3247697561081404,10.0
Private Client 2,66,1.0330082178115845,52.1578947368421,-0.8813701411581585,10.0
Private Client 2,67,0.9903566241264343,52.92982456140351,-0.548820429945672,10.0
Private Client 2,68,0.9639551043510437,51.473684210526315,-0.2162707187331856,10.0
Private Client 2,69,0.8340287208557129,50.85964912280702,0.1162789924792973,10.0
Private Client 2,70,0.909061074256897,53.03508771929825,0.5596786074292792,10.0
Private Client 2,71,0.8890325427055359,54.31578947368421,0.8922283186417657,10.0
Private Client 2,72,0.8282904624938965,53.36842105263158,1.224778029854252,10.0
Private Client 2,73,0.8192098736763,53.6140350877193,1.779027548541726,10.0
Private Client 2,74,0.7976382970809937,53.333333333333336,2.1115772597542124,10.0
Private Client 2,75,0.7669562697410583,53.45614035087719,2.444126970966699,10.0
Private Client 2,76,0.7778393626213074,53.80701754385965,2.7766766821791817,10.0
Private Client 2,77,0.847502589225769,54.175438596491226,3.109226393391668,10.0
Private Client 2,78,0.8082398176193237,52.526315789473685,3.4417761046041546,10.0
Private Client 2,79,0.7632115483283997,54.96491228070175,3.8851757195541365,10.0
Private Client 2,80,0.7335942387580872,55.56140350877193,4.43942523824161,10.0
Private Client 2,81,0.7872194647789001,53.10526315789474,4.882824853191592,10.0
Private Client 2,82,0.7222108840942383,53.68421052631579,5.104524660666583,10.0
Private Client 2,83,0.6548818349838257,53.63157894736842,5.547924275616565,10.0
Private Client 2,84,0.6944202184677124,52.01754385964912,5.991323890566547,10.0
Private Client 2,85,0.7043495774269104,53.08771929824562,6.434723505516522,10.0
Private Client 2,86,0.7499313950538635,55.05263157894737,6.767273216729008,10.0
Private Client 2,87,0.6658090353012085,53.3859649122807,7.099822927941495,10.0
Private Client 2,88,0.7244890928268433,55.03508771929825,7.432372639153981,10.0
Private Client 2,89,0.6782878637313843,54.175438596491226,7.764922350366468,10.0
Private Client 2,90,0.7542005777359009,54.578947368421055,7.986622157841459,10.0
Private Client 2,91,0.6537209153175354,54.26315789473684,8.319171869053946,10.0
Private Client 2,92,0.7203518152236938,52.24561403508772,8.651721580266432,10.0
Private Client 2,93,0.5685277581214905,53.3859649122807,9.095121195216414,10.0
Private Client 2,94,0.623799204826355,52.43859649122807,9.649370713903885,10.0
Private Client 2,95,0.6394904851913452,54.824561403508774,10.092770328853867,10.0
Private Client 2,96,0.5367763042449951,53.98245614035088,10.425320040066353,10.0
Private Client 2,97,0.5745728611946106,53.78947368421053,10.97956955875383,10.0
Private Client 2,98,0.5680454969406128,53.68421052631579,11.312119269966317,10.0
Private Client 2,99,0.5933225750923157,53.175438596491226,11.644668981178803,10.0
Private Client 3,0,2.3088297843933105,9.105263157894736,-25.933448385832072,10.0
Private Client 3,1,2.2917659282684326,10.75438596491228,-25.60089867461959,10.0
Private Client 3,2,2.280937671661377,13.666666666666666,-25.268348963407103,10.0
Private Client 3,3,2.2748379707336426,16.666666666666668,-24.935799252194617,10.0
Private Client 3,4,2.252861499786377,17.087719298245613,-24.492399637244635,10.0
Private Client 3,5,2.262091636657715,18.982456140350877,-24.159849926032148,10.0
Private Client 3,6,2.247493267059326,19.68421052631579,-23.827300214819665,10.0
Private Client 3,7,2.241762638092041,21.49122807017544,-23.383900599869683,10.0
Private Client 3,8,2.2302231788635254,21.43859649122807,-22.9405009849197,10.0
Private Client 3,9,2.2212488651275635,23.035087719298247,-22.497101369969723,10.0
Private Client 3,10,2.216996669769287,26.157894736842106,-22.275401562494732,10.0
Private Client 3,11,2.2040858268737793,27.29824561403509,-21.83200194754475,10.0
Private Client 3,12,2.1831066608428955,28.666666666666668,-21.38860233259477,10.0
Private Client 3,13,2.1824357509613037,30.49122807017544,-20.94520271764479,10.0
Private Client 3,14,2.1763877868652344,32.01754385964912,-20.501803102694808,10.0
Private Client 3,15,2.1519904136657715,33.24561403508772,-20.169253391482325,10.0
Private Client 3,16,2.1359589099884033,35.228070175438596,-19.83670368026984,10.0
Private Client 3,17,2.1498937606811523,37.05263157894737,-19.504153969057352,10.0
Private Client 3,18,2.153752326965332,38.3859649122807,-19.171604257844866,10.0
Private Client 3,19,2.0877890586853027,38.526315789473685,-18.728204642894884,10.0
Private Client 3,20,2.0968213081359863,39.03508771929825,-18.506504835419893,10.0
Private Client 3,21,2.06689715385437,40.1578947368421,-18.063105220469915,10.0
Private Client 3,22,2.06443190574646,40.24561403508772,-17.508855701782437,10.0
Private Client 3,23,2.044670343399048,40.96491228070175,-17.176305990569954,10.0
Private Client 3,24,2.0292961597442627,40.94736842105263,-16.622056471882477,10.0
Private Client 3,25,2.008431911468506,43.01754385964912,-16.178656856932495,10.0
Private Client 3,26,1.978759765625,42.26315789473684,-15.735257241982517,10.0
Private Client 3,27,1.9817432165145874,42.824561403508774,-15.40270753077003,10.0
Private Client 3,28,1.95456063747406,41.771929824561404,-14.959307915820048,10.0
Private Client 3,29,1.889911413192749,42.8421052631579,-14.626758204607565,10.0
Private Client 3,30,1.9106172323226929,41.3859649122807,-14.294208493395079,10.0
Private Client 3,31,1.921230673789978,44.14035087719298,-13.961658782182592,10.0
Private Client 3,32,1.867922067642212,42.21052631578947,-13.51825916723261,10.0
Private Client 3,33,1.8804571628570557,44.19298245614035,-13.29655935975762,10.0
Private Client 3,34,1.8453782796859741,45.228070175438596,-12.742309841070146,10.0
Private Client 3,35,1.7873426675796509,44.3859649122807,-12.520610033595155,10.0
Private Client 3,36,1.7763198614120483,43.73684210526316,-12.298910226120164,10.0
Private Client 3,37,1.7410948276519775,44.35087719298246,-11.855510611170182,10.0
Private Client 3,38,1.675148606300354,45.175438596491226,-11.522960899957699,10.0
Private Client 3,39,1.6539214849472046,46.3859649122807,-11.079561285007717,10.0
Private Client 3,40,1.6138226985931396,44.12280701754386,-10.74701157379523,10.0
Private Client 3,41,1.6765282154083252,45.280701754385966,-10.414461862582744,10.0
Private Client 3,42,1.5816988945007324,47.35087719298246,-9.971062247632766,10.0
Private Client 3,43,1.5764572620391846,47.50877192982456,-9.527662632682784,10.0
Private Client 3,44,1.5833709239959717,47.89473684210526,-9.305962825207793,10.0
Private Client 3,45,1.5280725955963135,48.59649122807018,-8.973413113995306,10.0
Private Client 3,46,1.415610432624817,48.26315789473684,-8.64086340278282,10.0
Private Client 3,47,1.4112894535064697,48.49122807017544,-8.308313691570337,10.0
Private Client 3,48,1.35904860496521,48.26315789473684,-7.7540641728828605,10.0
Private Client 3,49,1.4120482206344604,48.228070175438596,-7.310664557932879,10.0
Private Client 3,50,1.3931095600128174,47.771929824561404,-6.8672649429829,10.0
Private Client 3,51,1.3219562768936157,48.21052631578947,-6.645565135507909,10.0
Private Client 3,52,1.302202582359314,46.05263157894737,-6.091315616820432,10.0
Private Client 3,53,1.3045068979263306,50.05263157894737,-5.537066098132958,10.0
Private Client 3,54,1.2348911762237549,49.333333333333336,-5.093666483182976,10.0
Private Client 3,55,1.208897352218628,49.19298245614035,-4.650266868232994,10.0
Private Client 3,56,1.2277319431304932,50.12280701754386,-4.206867253283016,10.0
Private Client 3,57,1.1859550476074219,48.56140350877193,-3.8743175420705294,10.0
Private Client 3,58,1.1894861459732056,48.70175438596491,-3.4309179271205474,10.0
Private Client 3,59,1.1186734437942505,51.01754385964912,-3.098368215908061,10.0
Private Client 3,60,0.9890912771224976,48.03508771929825,-2.6549686009580826,10.0
Private Client 3,61,0.9912136197090149,50.19298245614035,-2.322418889745596,10.0
Private Client 3,62,0.9883431196212769,50.280701754385966,-1.9898691785331097,10.0
Private Client 3,63,1.0027621984481812,50.771929824561404,-1.5464695635831314,10.0
Private Client 3,64,1.0639746189117432,50.92982456140351,-1.3247697561081404,10.0
Private Client 3,65,1.0218133926391602,50.87719298245614,-0.8813701411581585,10.0
Private Client 3,66,1.009687900543213,53.21052631578947,-0.548820429945672,10.0
Private Client 3,67,1.0050990581512451,51.49122807017544,-0.10542081499569367,10.0
Private Client 3,68,1.0161031484603882,52.0,0.22712889621679277,10.0
Private Client 3,69,0.9284455180168152,50.73684210526316,0.44882870369178374,10.0
Private Client 3,70,0.914712131023407,52.45614035087719,0.7813784149042702,10.0
Private Client 3,71,0.8356070518493652,51.31578947368421,1.1139281261167566,10.0
Private Client 3,72,0.9529989361763,54.01754385964912,1.557327741066735,10.0
Private Client 3,73,0.831045925617218,52.56140350877193,1.8898774522792214,10.0
Private Client 3,74,0.797507643699646,51.70175438596491,2.3332770672292034,10.0
Private Client 3,75,0.8140103220939636,52.70175438596491,2.66582677844169,10.0
Private Client 3,76,0.9019556045532227,51.175438596491226,3.109226393391668,10.0
Private Client 3,77,0.859961986541748,53.719298245614034,3.55262600834165,10.0
Private Client 3,78,0.8285005688667297,52.0,3.8851757195541365,10.0
Private Client 3,79,0.8354633450508118,50.6140350877193,4.217725430766619,10.0
Private Client 3,80,0.7480079531669617,53.29824561403509,4.661125045716601,10.0
Private Client 3,81,0.8753968477249146,52.421052631578945,5.215374564404079,10.0
Private Client 3,82,0.7327064871788025,54.175438596491226,5.547924275616565,10.0
Private Client 3,83,0.754021406173706,53.78947368421053,5.991323890566547,10.0
Private Client 3,84,0.8126751184463501,54.85964912280702,6.434723505516522,10.0
Private Client 3,85,0.6911152005195618,53.8421052631579,6.878123120466504,10.0
Private Client 3,86,0.6673949360847473,53.85964912280702,7.099822927941495,10.0
Private Client 3,87,0.7453885078430176,55.54385964912281,7.432372639153981,10.0
Private Client 3,88,0.7676398158073425,54.21052631578947,7.875772254103963,10.0
Private Client 3,89,0.6744551658630371,55.3859649122807,8.430021772791441,10.0
Private Client 3,90,0.6642957329750061,52.45614035087719,8.651721580266432,10.0
Private Client 3,91,0.8367148637771606,54.3859649122807,8.984271291478919,10.0
Private Client 3,92,0.6072267293930054,53.54385964912281,9.316821002691398,10.0
Private Client 3,93,0.6959959864616394,54.98245614035088,9.649370713903885,10.0
Private Client 3,94,0.6727253198623657,53.78947368421053,9.981920425116371,10.0
Private Client 3,95,0.6580043435096741,52.75438596491228,10.314470136328858,10.0
Private Client 3,96,0.7138713002204895,54.03508771929825,10.75786975127884,10.0
Private Client 3,97,0.6593092679977417,55.526315789473685,11.201269366228821,10.0
Private Client 3,98,0.5783651471138,53.45614035087719,11.533819077441308,10.0
Private Client 3,99,0.6420689821243286,55.6140350877193,11.866368788653794,10.0
Private Client 4,0,2.2905092239379883,7.824561403508772,-26.044298289569568,10.0
Private Client 4,1,2.2907395362854004,11.140350877192983,-25.71174857835708,10.0
Private Client 4,2,2.2904608249664307,12.491228070175438,-25.3791988671446,10.0
Private Client 4,3,2.2779266834259033,15.771929824561404,-25.046649155932112,10.0
Private Client 4,4,2.26784086227417,16.94736842105263,-24.60324954098213,10.0
Private Client 4,5,2.2587215900421143,20.596491228070175,-24.159849926032148,10.0
Private Client 4,6,2.2507057189941406,20.19298245614035,-23.827300214819665,10.0
Private Client 4,7,2.247443437576294,23.736842105263158,-23.49475050360718,10.0
Private Client 4,8,2.2300992012023926,26.56140350877193,-23.051350888657197,10.0
Private Client 4,9,2.217589855194092,25.894736842105264,-22.718801177444714,10.0
Private Client 4,10,2.2225804328918457,30.57894736842105,-22.275401562494732,10.0
Private Client 4,11,2.1991283893585205,32.01754385964912,-21.83200194754475,10.0
Private Client 4,12,2.1998581886291504,31.017543859649123,-21.38860233259477,10.0
Private Client 4,13,2.174055576324463,32.03508771929825,-21.056052621382285,10.0
Private Client 4,14,2.1769826412200928,32.98245614035088,-20.612653006432303,10.0
Private Client 4,15,2.1523241996765137,37.19298245614035,-20.05840348774483,10.0
Private Client 4,16,2.153745651245117,37.21052631578947,-19.615003872794848,10.0
Private Client 4,17,2.1280314922332764,38.228070175438596,-19.28245416158236,10.0
Private Client 4,18,2.0991578102111816,37.94736842105263,-18.83905454663238,10.0
Private Client 4,19,2.1283717155456543,39.12280701754386,-18.3956549316824,10.0
Private Client 4,20,2.0899899005889893,42.56140350877193,-17.841405412994924,10.0
Private Client 4,21,2.0724949836730957,40.771929824561404,-17.619705605519933,10.0
Private Client 4,22,2.054471492767334,42.280701754385966,-17.176305990569954,10.0
Private Client 4,23,2.035550594329834,39.473684210526315,-16.732906375619972,10.0
Private Client 4,24,2.0057339668273926,41.526315789473685,-16.400356664407486,10.0
Private Client 4,25,2.0011229515075684,43.59649122807018,-15.956957049457507,10.0
Private Client 4,26,1.9705288410186768,41.64912280701754,-15.624407338245021,10.0
Private Client 4,27,2.031207323074341,41.6140350877193,-15.291857627032535,10.0
Private Client 4,28,1.9405157566070557,42.89473684210526,-14.848458012082553,10.0
Private Client 4,29,1.9214036464691162,43.14035087719298,-14.51590830087007,10.0
Private Client 4,30,1.8906571865081787,40.473684210526315,-14.072508685920088,10.0
Private Client 4,31,1.9218906164169312,43.333333333333336,-13.739958974707601,10.0
Private Client 4,32,1.8587925434112549,44.6140350877193,-13.407409263495115,10.0
Private Client 4,33,1.8508065938949585,43.35087719298246,-12.853159744807641,10.0
Private Client 4,34,1.8474019765853882,45.10526315789474,-12.520610033595155,10.0
Private Client 4,35,1.7920567989349365,46.0,-12.188060322382668,10.0
Private Client 4,36,1.7414089441299438,45.19298245614035,-11.74466070743269,10.0
Private Client 4,37,1.7096284627914429,45.54385964912281,-11.412110996220203,10.0
Private Client 4,38,1.7258068323135376,45.54385964912281,-10.968711381270221,10.0
Private Client 4,39,1.6778331995010376,47.29824561403509,-10.636161670057735,10.0
Private Client 4,40,1.7073109149932861,45.421052631578945,-10.192762055107753,10.0
Private Client 4,41,1.6149108409881592,47.80701754385965,-9.63851253642028,10.0
Private Client 4,42,1.6183732748031616,46.08771929824562,-9.195112921470297,10.0
Private Client 4,43,1.5954251289367676,47.10526315789474,-8.751713306520315,10.0
Private Client 4,44,1.5071436166763306,47.421052631578945,-8.308313691570337,10.0
Private Client 4,45,1.5390228033065796,46.31578947368421,-7.864914076620356,10.0
Private Client 4,46,1.504197359085083,49.63157894736842,-7.53236436540787,10.0
Private Client 4,47,1.5368165969848633,49.03508771929825,-7.088964750457891,10.0
Private Client 4,48,1.4678871631622314,49.666666666666664,-6.645565135507909,10.0
Private Client 4,49,1.3818457126617432,49.3859649122807,-6.202165520557927,10.0
Private Client 4,50,1.3966224193572998,49.280701754385966,-5.6479160018704535,10.0
Private Client 4,51,1.3967716693878174,49.578947368421055,-5.204516386920472,10.0
Private Client 4,52,1.326594352722168,49.666666666666664,-4.871966675707985,10.0
Private Client 4,53,1.2336394786834717,49.1578947368421,-4.539416964495499,10.0
Private Client 4,54,1.2265141010284424,49.3859649122807,-4.206867253283016,10.0
Private Client 4,55,1.1998974084854126,47.05263157894737,-3.8743175420705294,10.0
Private Client 4,56,1.1779330968856812,48.89473684210526,-3.541767830858043,10.0
Private Client 4,57,1.0997626781463623,50.08771929824562,-3.098368215908061,10.0
Private Client 4,58,1.0946862697601318,48.54385964912281,-2.765818504695578,10.0
Private Client 4,59,1.160820484161377,48.56140350877193,-2.2115689860081007,10.0
Private Client 4,60,1.048403024673462,49.87719298245614,-1.8790192747956143,10.0
Private Client 4,61,1.054405927658081,51.333333333333336,-1.5464695635831314,10.0
Private Client 4,62,1.0509538650512695,49.75438596491228,-1.213919852370645,10.0
Private Client 4,63,1.0815011262893677,51.35087719298246,-0.8813701411581585,10.0
Private Client 4,64,0.9943879842758179,51.70175438596491,-0.548820429945672,10.0
Private Client 4,65,0.9914640188217163,51.10526315789474,-0.10542081499569367,10.0
Private Client 4,66,1.0470679998397827,51.56140350877193,0.44882870369178374,10.0
Private Client 4,67,0.9979308247566223,51.05263157894737,0.7813784149042702,10.0
Private Client 4,68,0.8840391039848328,52.19298245614035,1.224778029854252,10.0
Private Client 4,69,0.8735860586166382,50.92982456140351,1.557327741066735,10.0
Private Client 4,70,0.9597982168197632,52.98245614035088,1.8898774522792214,10.0
Private Client 4,71,0.9576272964477539,52.228070175438596,2.222427163491708,10.0
Private Client 4,72,0.8850305676460266,50.8421052631579,2.5549768747041943,10.0
Private Client 4,73,0.8276068568229675,51.0,2.9983764896541727,10.0
Private Client 4,74,0.9239051938056946,52.175438596491226,3.330926200866659,10.0
Private Client 4,75,0.7994315028190613,52.64912280701754,3.6634759120791456,10.0
Private Client 4,76,0.833061695098877,52.280701754385966,3.996025623291632,10.0
Private Client 4,77,0.7951942682266235,50.771929824561404,4.43942523824161,10.0
Private Client 4,78,0.8376411199569702,52.70175438596491,4.771974949454097,10.0
Private Client 4,79,0.7393484711647034,51.98245614035088,5.215374564404079,10.0
Private Client 4,80,0.7693768739700317,53.73684210526316,5.658774179354061,10.0
Private Client 4,81,0.7543896436691284,53.666666666666664,5.991323890566547,10.0
Private Client 4,82,0.7205978631973267,52.73684210526316,6.3238736017790265,10.0
Private Client 4,83,0.7650095224380493,53.473684210526315,6.545573409254017,10.0
Private Client 4,84,0.7373951077461243,52.40350877192982,6.988973024203999,10.0
Private Client 4,85,0.8060609102249146,53.35087719298246,7.432372639153981,10.0
Private Client 4,86,0.7059487700462341,53.666666666666664,7.764922350366468,10.0
Private Client 4,87,0.8214149475097656,52.43859649122807,8.097472061578955,10.0
Private Client 4,88,0.7766118049621582,54.01754385964912,8.540871676528937,10.0
Private Client 4,89,0.760952353477478,53.45614035087719,8.873421387741423,10.0
Private Client 4,90,0.7566627264022827,53.43859649122807,9.205971098953903,10.0
Private Client 4,91,0.7520253658294678,54.40350877192982,9.649370713903885,10.0
Private Client 4,92,0.6686505079269409,55.0,10.092770328853867,10.0
Private Client 4,93,0.6586109399795532,56.35087719298246,10.425320040066353,10.0
Private Client 4,94,0.6307663917541504,54.10526315789474,10.75786975127884,10.0
Private Client 4,95,0.6553683280944824,53.49122807017544,11.090419462491326,10.0
Private Client 4,96,0.7162162065505981,53.3859649122807,11.422969173703812,10.0
Private Client 4,97,0.6230115294456482,54.12280701754386,11.755518884916299,10.0
Private Client 4,98,0.6827431917190552,54.29824561403509,12.198918499866274,10.0
Private Client 4,99,0.6696795225143433,53.333333333333336,12.642318114816256,10.0
Private Client 5,0,2.3046059608459473,13.0,-26.044298289569568,10.0
Private Client 5,1,2.296699285507202,11.982456140350877,-25.60089867461959,10.0
Private Client 5,2,2.2872209548950195,11.824561403508772,-25.268348963407103,10.0
Private Client 5,3,2.2869997024536133,16.68421052631579,-24.82494934845712,10.0
Private Client 5,4,2.2637906074523926,16.56140350877193,-24.492399637244635,10.0
Private Client 5,5,2.264155387878418,20.07017543859649,-24.159849926032148,10.0
Private Client 5,6,2.246650218963623,21.157894736842106,-23.71645031108217,10.0
Private Client 5,7,2.245004892349243,23.75438596491228,-23.273050696132188,10.0
Private Client 5,8,2.240241765975952,23.56140350877193,-22.718801177444714,10.0
Private Client 5,9,2.2165496349334717,25.087719298245613,-22.386251466232228,10.0
Private Client 5,10,2.2077765464782715,27.07017543859649,-21.942851851282246,10.0
Private Client 5,11,2.2058966159820557,26.263157894736842,-21.38860233259477,10.0
Private Client 5,12,2.200979232788086,29.49122807017544,-20.834352813907294,10.0
Private Client 5,13,2.1958208084106445,32.19298245614035,-20.501803102694808,10.0
Private Client 5,14,2.1760764122009277,34.80701754385965,-20.05840348774483,10.0
Private Client 5,15,2.161926746368408,35.29824561403509,-19.725853776532343,10.0
Private Client 5,16,2.1618754863739014,37.40350877192982,-19.393304065319857,10.0
Private Client 5,17,2.1125564575195312,37.666666666666664,-18.949904450369875,10.0
Private Client 5,18,2.12603759765625,38.87719298245614,-18.506504835419893,10.0
Private Client 5,19,2.100806713104248,39.228070175438596,-18.17395512420741,10.0
Private Client 5,20,2.0959534645080566,39.578947368421055,-17.730555509257428,10.0
Private Client 5,21,2.0868079662323,39.36842105263158,-17.398005798044945,10.0
Private Client 5,22,2.0383663177490234,40.666666666666664,-16.954606183094963,10.0
Private Client 5,23,2.0441653728485107,41.19298245614035,-16.622056471882477,10.0
Private Client 5,24,2.006446361541748,39.473684210526315,-16.178656856932495,10.0
Private Client 5,25,2.0236947536468506,40.175438596491226,-15.846107145720012,10.0
Private Client 5,26,1.9874969720840454,41.49122807017544,-15.40270753077003,10.0
Private Client 5,27,1.992113709449768,42.473684210526315,-14.959307915820048,10.0
Private Client 5,28,1.9766128063201904,43.89473684210526,-14.51590830087007,10.0
Private Client 5,29,1.9463173151016235,43.526315789473685,-14.072508685920088,10.0
Private Client 5,30,1.9247610569000244,42.666666666666664,-13.629109070970106,10.0
Private Client 5,31,1.9133336544036865,44.19298245614035,-13.29655935975762,10.0
Private Client 5,32,1.858755111694336,42.89473684210526,-12.853159744807641,10.0
Private Client 5,33,1.8297557830810547,45.12280701754386,-12.520610033595155,10.0
Private Client 5,34,1.821115255355835,43.63157894736842,-12.188060322382668,10.0
Private Client 5,35,1.8167238235473633,45.54385964912281,-11.74466070743269,10.0
Private Client 5,36,1.7632501125335693,44.92982456140351,-11.301261092482708,10.0
Private Client 5,37,1.7550958395004272,45.6140350877193,-10.968711381270221,10.0
Private Client 5,38,1.729347586631775,47.228070175438596,-10.52531176632024,10.0
Private Client 5,39,1.7415841817855835,47.578947368421055,-10.081912151370258,10.0
Private Client 5,40,1.6114966869354248,46.333333333333336,-9.63851253642028,10.0
Private Client 5,41,1.6341264247894287,48.63157894736842,-9.084263017732802,10.0
Private Client 5,42,1.6219921112060547,47.05263157894737,-8.751713306520315,10.0
Private Client 5,43,1.5878684520721436,46.50877192982456,-8.308313691570337,10.0
Private Client 5,44,1.5430151224136353,48.03508771929825,-7.864914076620356,10.0
Private Client 5,45,1.4866752624511719,47.1578947368421,-7.53236436540787,10.0
Private Client 5,46,1.56780207157135,47.578947368421055,-7.088964750457891,10.0
Private Client 5,47,1.4843395948410034,47.473684210526315,-6.645565135507909,10.0
Private Client 5,48,1.4563238620758057,47.26315789473684,-6.202165520557927,10.0
Private Client 5,49,1.3731658458709717,47.666666666666664,-5.869615809345441,10.0
Private Client 5,50,1.3625062704086304,48.68421052631579,-5.4262161943954625,10.0
Private Client 5,51,1.3829411268234253,48.19298245614035,-5.204516386920472,10.0
Private Client 5,52,1.3129876852035522,49.14035087719298,-4.871966675707985,10.0
Private Client 5,53,1.1981315612792969,47.280701754385966,-4.317717157020511,10.0
Private Client 5,54,1.3037663698196411,48.56140350877193,-3.8743175420705294,10.0
Private Client 5,55,1.1872413158416748,50.85964912280702,-3.541767830858043,10.0
Private Client 5,56,1.236754298210144,49.280701754385966,-3.2092181196455565,10.0
Private Client 5,57,1.0936230421066284,49.40350877192982,-2.8766684084330736,10.0
Private Client 5,58,1.0850169658660889,49.94736842105263,-2.4332687934830917,10.0
Private Client 5,59,1.120255708694458,50.175438596491226,-2.100719082270605,10.0
Private Client 5,60,1.0909805297851562,51.14035087719298,-1.7681693710581188,10.0
Private Client 5,61,1.0355817079544067,51.228070175438596,-1.4356196598456359,10.0
Private Client 5,62,1.0795018672943115,50.73684210526316,-0.8813701411581585,10.0
Private Client 5,63,1.0985137224197388,50.87719298245614,-0.548820429945672,10.0
Private Client 5,64,1.0276222229003906,53.21052631578947,-0.2162707187331856,10.0
Private Client 5,65,0.9820001721382141,52.175438596491226,0.22712889621679277,10.0
Private Client 5,66,1.0749976634979248,51.50877192982456,0.6705285111667747,10.0
Private Client 5,67,0.9686141014099121,52.31578947368421,1.0030782223792611,10.0
Private Client 5,68,0.9145461916923523,52.01754385964912,1.4464778373292395,10.0
Private Client 5,69,0.984763503074646,54.280701754385966,1.779027548541726,10.0
Private Client 5,70,0.9258508682250977,52.43859649122807,2.222427163491708,10.0
Private Client 5,71,0.8119939565658569,52.43859649122807,2.66582677844169,10.0
Private Client 5,72,0.8113072514533997,51.24561403508772,3.109226393391668,10.0
Private Client 5,73,0.9616347551345825,51.73684210526316,3.55262600834165,10.0
Private Client 5,74,0.9410492777824402,50.92982456140351,3.996025623291632,10.0
Private Client 5,75,0.8622800707817078,52.80701754385965,4.43942523824161,10.0
Private Client 5,76,0.8675691485404968,52.45614035087719,4.882824853191592,10.0
Private Client 5,77,0.7473691701889038,52.75438596491228,5.215374564404079,10.0
Private Client 5,78,0.841143012046814,51.1578947368421,5.658774179354061,10.0
Private Client 5,79,0.7227082848548889,53.666666666666664,6.102173794304043,10.0
Private Client 5,80,0.7232807874679565,52.10526315789474,6.545573409254017,10.0
Private Client 5,81,0.9433128237724304,53.96491228070175,6.988973024203999,10.0
Private Client 5,82,0.7972166538238525,54.666666666666664,7.321522735416486,10.0
Private Client 5,83,0.7058603167533875,52.421052631578945,7.654072446628972,10.0
Private Client 5,84,0.7894085645675659,54.19298245614035,8.097472061578955,10.0
Private Client 5,85,0.7224200963973999,52.03508771929825,8.319171869053946,10.0
Private Client 5,86,0.7563574910163879,54.07017543859649,8.651721580266432,10.0
Private Client 5,87,0.733292818069458,53.85964912280702,8.984271291478919,10.0
Private Client 5,88,0.7425652742385864,52.719298245614034,9.427670906428894,10.0
Private Client 5,89,0.7363759875297546,53.719298245614034,9.649370713903885,10.0
Private Client 5,90,0.7824798822402954,53.87719298245614,10.092770328853867,10.0
Private Client 5,91,0.683550238609314,53.89473684210526,10.314470136328858,10.0
Private Client 5,92,0.7833131551742554,54.75438596491228,10.75786975127884,10.0
Private Client 5,93,0.653715193271637,51.36842105263158,11.090419462491326,10.0
Private Client 5,94,0.6245259046554565,53.771929824561404,11.422969173703812,10.0
Private Client 5,95,0.6545731425285339,53.92982456140351,11.977218692391283,10.0
Private Client 5,96,0.707220196723938,54.19298245614035,12.420618307341265,10.0
Private Client 5,97,0.7208385467529297,54.1578947368421,12.864017922291247,10.0
Private Client 5,98,0.565953254699707,54.87719298245614,13.196567633503733,10.0
Private Client 5,99,0.674151599407196,53.96491228070175,13.639967248453715,10.0
Private Client 6,0,2.2990221977233887,8.192982456140351,-25.933448385832072,10.0
Private Client 6,1,2.2975401878356934,12.017543859649123,-25.60089867461959,10.0
Private Client 6,2,2.277808666229248,15.736842105263158,-25.046649155932112,10.0
Private Client 6,3,2.2722373008728027,16.157894736842106,-24.82494934845712,10.0
Private Client 6,4,2.271855115890503,18.350877192982455,-24.38154973350714,10.0
Private Client 6,5,2.2527363300323486,20.17543859649123,-23.93815011855716,10.0
Private Client 6,6,2.246481418609619,23.210526315789473,-23.383900599869683,10.0
Private Client 6,7,2.238922119140625,24.157894736842106,-23.051350888657197,10.0
Private Client 6,8,2.236865997314453,25.0,-22.60795127370722,10.0
Private Client 6,9,2.210904598236084,25.228070175438596,-22.275401562494732,10.0
Private Client 6,10,2.207491397857666,27.54385964912281,-21.942851851282246,10.0
Private Client 6,11,2.1992082595825195,27.07017543859649,-21.38860233259477,10.0
Private Client 6,12,2.188203811645508,30.45614035087719,-20.94520271764479,10.0
Private Client 6,13,2.1922454833984375,33.19298245614035,-20.501803102694808,10.0
Private Client 6,14,2.1717638969421387,32.85964912280702,-20.169253391482325,10.0
Private Client 6,15,2.172733783721924,36.10526315789474,-19.615003872794848,10.0
Private Client 6,16,2.1444149017333984,35.73684210526316,-19.171604257844866,10.0
Private Client 6,17,2.1433181762695312,38.666666666666664,-18.83905454663238,10.0
Private Client 6,18,2.145595073699951,40.473684210526315,-18.506504835419893,10.0
Private Client 6,19,2.1029725074768066,39.333333333333336,-17.95225531673242,10.0
Private Client 6,20,2.088719367980957,41.50877192982456,-17.619705605519933,10.0
Private Client 6,21,2.06965708732605,41.96491228070175,-17.176305990569954,10.0
Private Client 6,22,2.066903591156006,40.07017543859649,-16.732906375619972,10.0
Private Client 6,23,2.0183842182159424,40.78947368421053,-16.28950676066999,10.0
Private Client 6,24,2.0638465881347656,41.91228070175438,-15.846107145720012,10.0
Private Client 6,25,2.0121376514434814,43.92982456140351,-15.40270753077003,10.0
Private Client 6,26,1.985449194908142,42.421052631578945,-14.959307915820048,10.0
Private Client 6,27,1.9539095163345337,40.05263157894737,-14.51590830087007,10.0
Private Client 6,28,1.9136359691619873,43.333333333333336,-14.183358589657583,10.0
Private Client 6,29,1.9575735330581665,41.8421052631579,-13.850808878445097,10.0
Private Client 6,30,1.9106254577636719,41.78947368421053,-13.407409263495115,10.0
Private Client 6,31,1.8864637613296509,43.26315789473684,-13.074859552282632,10.0
Private Client 6,32,1.8726015090942383,43.91228070175438,-12.63145993733265,10.0
Private Client 6,33,1.8618872165679932,45.54385964912281,-12.298910226120164,10.0
Private Client 6,34,1.8131935596466064,43.719298245614034,-11.855510611170182,10.0
Private Client 6,35,1.8424091339111328,46.35087719298246,-11.522960899957699,10.0
Private Client 6,36,1.7629247903823853,47.03508771929825,-11.190411188745212,10.0
Private Client 6,37,1.723676085472107,45.85964912280702,-10.857861477532726,10.0
Private Client 6,38,1.7259047031402588,45.1578947368421,-10.52531176632024,10.0
Private Client 6,39,1.7041141986846924,47.0,-10.192762055107753,10.0
Private Client 6,40,1.6398122310638428,47.56140350877193,-9.749362440157775,10.0
Private Client 6,41,1.681993842124939,46.333333333333336,-9.305962825207793,10.0
Private Client 6,42,1.6707311868667603,46.96491228070175,-8.973413113995306,10.0
Private Client 6,43,1.5058845281600952,47.35087719298246,-8.530013499045328,10.0
Private Client 6,44,1.5099303722381592,47.29824561403509,-8.086613884095346,10.0
Private Client 6,45,1.5142886638641357,45.91228070175438,-7.7540641728828605,10.0
Private Client 6,46,1.4509772062301636,47.68421052631579,-7.421514461670374,10.0
Private Client 6,47,1.49787437915802,45.91228070175438,-6.8672649429829,10.0
Private Client 6,48,1.474974274635315,48.94736842105263,-6.534715231770414,10.0
Private Client 6,49,1.3711633682250977,47.54385964912281,-6.091315616820432,10.0
Private Client 6,50,1.3734874725341797,48.96491228070175,-5.758765905607949,10.0
Private Client 6,51,1.3789293766021729,48.14035087719298,-5.4262161943954625,10.0
Private Client 6,52,1.3170273303985596,48.36842105263158,-5.093666483182976,10.0
Private Client 6,53,1.2529621124267578,49.85964912280702,-4.650266868232994,10.0
Private Client 6,54,1.2196723222732544,48.64912280701754,-4.317717157020511,10.0
Private Client 6,55,1.2184385061264038,46.771929824561404,-3.985167445808025,10.0
Private Client 6,56,1.1893672943115234,48.824561403508774,-3.6526177345955384,10.0
Private Client 6,57,1.0618364810943604,50.08771929824562,-3.4309179271205474,10.0
Private Client 6,58,1.132608413696289,48.70175438596491,-3.098368215908061,10.0
Private Client 6,59,1.1131561994552612,49.26315789473684,-2.765818504695578,10.0
Private Client 6,60,1.0408399105072021,49.24561403508772,-2.322418889745596,10.0
Private Client 6,61,1.026532769203186,50.03508771929825,-1.9898691785331097,10.0
Private Client 6,62,1.001875877380371,51.78947368421053,-1.5464695635831314,10.0
Private Client 6,63,1.1032443046569824,50.56140350877193,-1.1030699486331494,10.0
Private Client 6,64,1.0054612159729004,52.36842105263158,-0.6596703336831675,10.0
Private Client 6,65,0.9857556223869324,51.228070175438596,-0.2162707187331856,10.0
Private Client 6,66,0.9810924530029297,51.228070175438596,0.22712889621679277,10.0
Private Client 6,67,0.9212649464607239,51.92982456140351,0.5596786074292792,10.0
Private Client 6,68,1.0304210186004639,52.719298245614034,1.0030782223792611,10.0
Private Client 6,69,0.9943041801452637,50.49122807017544,1.335627933591744,10.0
Private Client 6,70,0.9617559313774109,50.89473684210526,1.779027548541726,10.0
Private Client 6,71,1.0148245096206665,51.43859649122807,2.222427163491708,10.0
Private Client 6,72,0.8451592326164246,51.421052631578945,2.66582677844169,10.0
Private Client 6,73,0.8807927370071411,52.80701754385965,2.9983764896541727,10.0
Private Client 6,74,0.8157528042793274,51.40350877192982,3.4417761046041546,10.0
Private Client 6,75,0.8080894351005554,52.63157894736842,3.774325815816641,10.0
Private Client 6,76,0.8772575259208679,52.98245614035088,4.1068755270291275,10.0
Private Client 6,77,0.861646294593811,51.03508771929825,4.550275141979106,10.0
Private Client 6,78,0.7475310564041138,52.59649122807018,5.104524660666583,10.0
Private Client 6,79,0.772429347038269,53.40350877192982,5.326224468141574,10.0
Private Client 6,80,0.761104166507721,52.8421052631579,5.769624083091556,10.0
Private Client 6,81,0.7347207069396973,52.333333333333336,6.213023698041538,10.0
Private Client 6,82,0.6937217712402344,52.87719298245614,6.656423312991513,10.0
Private Client 6,83,0.7491725087165833,52.421052631578945,6.878123120466504,10.0
Private Client 6,84,0.7327793836593628,54.59649122807018,7.321522735416486,10.0
Private Client 6,85,0.7504233121871948,51.98245614035088,7.654072446628972,10.0
Private Client 6,86,0.7105422019958496,52.719298245614034,7.986622157841459,10.0
Private Client 6,87,0.7359794974327087,53.70175438596491,8.319171869053946,10.0
Private Client 6,88,0.7503089904785156,54.35087719298246,8.762571484003928,10.0
Private Client 6,89,0.7912442088127136,52.54385964912281,9.095121195216414,10.0
Private Client 6,90,0.8040906190872192,53.70175438596491,9.53852081016639,10.0
Private Client 6,91,0.6972293853759766,53.10526315789474,9.76022061764138,10.0
Private Client 6,92,0.7596349716186523,53.1578947368421,10.092770328853867,10.0
Private Client 6,93,0.8176459074020386,52.87719298245614,10.536169943803849,10.0
Private Client 6,94,0.6929764747619629,54.19298245614035,10.97956955875383,10.0
Private Client 6,95,0.6728783845901489,52.36842105263158,11.422969173703812,10.0
Private Client 6,96,0.7100768685340881,52.824561403508774,11.644668981178803,10.0
Private Client 6,97,0.7072733044624329,52.75438596491228,12.088068596128778,10.0
Private Client 6,98,0.5936628580093384,55.14035087719298,12.53146821107876,10.0
Private Client 6,99,0.650452733039856,54.50877192982456,12.974867826028742,10.0
Private Client 7,0,2.3088207244873047,11.912280701754385,-25.933448385832072,10.0
Private Client 7,1,2.2970874309539795,13.12280701754386,-25.60089867461959,10.0
Private Client 7,2,2.288144826889038,13.263157894736842,-25.268348963407103,10.0
Private Client 7,3,2.274433135986328,16.263157894736842,-24.935799252194617,10.0
Private Client 7,4,2.255030870437622,16.75438596491228,-24.492399637244635,10.0
Private Client 7,5,2.2527899742126465,18.035087719298247,-24.049000022294656,10.0
Private Client 7,6,2.2434239387512207,20.614035087719298,-23.71645031108217,10.0
Private Client 7,7,2.238070487976074,23.035087719298247,-23.162200792394692,10.0
Private Client 7,8,2.2347679138183594,27.350877192982455,-22.718801177444714,10.0
Private Client 7,9,2.2143471240997314,29.05263157894737,-22.386251466232228,10.0
Private Client 7,10,2.2148890495300293,30.70175438596491,-22.05370175501974,10.0
Private Client 7,11,2.199266195297241,29.19298245614035,-21.61030214006976,10.0
Private Client 7,12,2.1818065643310547,29.964912280701753,-21.277752428857273,10.0
Private Client 7,13,2.170468807220459,31.43859649122807,-20.94520271764479,10.0
Private Client 7,14,2.172996997833252,32.50877192982456,-20.390953198957313,10.0
Private Client 7,15,2.1700375080108643,34.78947368421053,-19.947553584007334,10.0
Private Client 7,16,2.131038188934326,35.43859649122807,-19.504153969057352,10.0
Private Client 7,17,2.1387763023376465,36.94736842105263,-19.06075435410737,10.0
Private Client 7,18,2.1134707927703857,38.03508771929825,-18.61735473915739,10.0
Private Client 7,19,2.1040289402008057,36.87719298245614,-18.17395512420741,10.0
Private Client 7,20,2.088841676712036,40.0,-17.841405412994924,10.0
Private Client 7,21,2.0912556648254395,37.96491228070175,-17.398005798044945,10.0
Private Client 7,22,2.0782172679901123,40.228070175438596,-16.954606183094963,10.0
Private Client 7,23,2.047348737716675,39.80701754385965,-16.732906375619972,10.0
Private Client 7,24,2.0319719314575195,40.05263157894737,-16.400356664407486,10.0
Private Client 7,25,2.0249245166778564,39.94736842105263,-15.956957049457507,10.0
Private Client 7,26,2.014256238937378,42.12280701754386,-15.624407338245021,10.0
Private Client 7,27,1.9660999774932861,42.01754385964912,-15.291857627032535,10.0
Private Client 7,28,1.9326177835464478,41.03508771929825,-15.070157819557544,10.0
Private Client 7,29,1.9504600763320923,42.05263157894737,-14.737608108345057,10.0
Private Client 7,30,1.9375938177108765,43.43859649122807,-14.294208493395079,10.0
Private Client 7,31,1.907118558883667,42.666666666666664,-14.072508685920088,10.0
Private Client 7,32,1.8968446254730225,44.6140350877193,-13.739958974707601,10.0
Private Client 7,33,1.8364070653915405,44.666666666666664,-13.185709456020128,10.0
Private Client 7,34,1.7910091876983643,44.96491228070175,-12.853159744807641,10.0
Private Client 7,35,1.8532741069793701,45.31578947368421,-12.520610033595155,10.0
Private Client 7,36,1.754814863204956,45.36842105263158,-12.077210418645173,10.0
Private Client 7,37,1.7023429870605469,46.01754385964912,-11.74466070743269,10.0
Private Client 7,38,1.7584823369979858,44.578947368421055,-11.301261092482708,10.0
Private Client 7,39,1.671185851097107,46.50877192982456,-10.968711381270221,10.0
Private Client 7,40,1.6467593908309937,46.05263157894737,-10.52531176632024,10.0
Private Client 7,41,1.6485685110092163,46.280701754385966,-10.303611958845249,10.0
Private Client 7,42,1.587270736694336,44.666666666666664,-9.86021234389527,10.0
Private Client 7,43,1.5511293411254883,46.21052631578947,-9.416812728945288,10.0
Private Client 7,44,1.4702190160751343,46.68421052631579,-9.084263017732802,10.0
Private Client 7,45,1.5450103282928467,47.45614035087719,-8.64086340278282,10.0
Private Client 7,46,1.4474382400512695,48.56140350877193,-8.197463787832842,10.0
Private Client 7,47,1.4227721691131592,46.26315789473684,-7.7540641728828605,10.0
Private Client 7,48,1.4298138618469238,48.8421052631579,-7.310664557932879,10.0
Private Client 7,49,1.318867564201355,48.578947368421055,-6.978114846720396,10.0
Private Client 7,50,1.3296797275543213,47.92982456140351,-6.645565135507909,10.0
Private Client 7,51,1.3846979141235352,48.40350877192982,-6.202165520557927,10.0
Private Client 7,52,1.2817707061767578,49.96491228070175,-5.869615809345441,10.0
Private Client 7,53,1.2687318325042725,49.70175438596491,-5.537066098132958,10.0
Private Client 7,54,1.223323106765747,50.526315789473685,-5.204516386920472,10.0
Private Client 7,55,1.2776449918746948,50.14035087719298,-4.871966675707985,10.0
Private Client 7,56,1.2561389207839966,50.85964912280702,-4.539416964495499,10.0
Private Client 7,57,1.1646238565444946,50.333333333333336,-4.09601734954552,10.0
Private Client 7,58,1.1609750986099243,51.54385964912281,-3.6526177345955384,10.0
Private Client 7,59,1.119407296180725,49.21052631578947,-3.320068023383052,10.0
Private Client 7,60,1.0749523639678955,51.92982456140351,-2.9875183121705655,10.0
Private Client 7,61,1.0225738286972046,51.280701754385966,-2.6549686009580826,10.0
Private Client 7,62,0.9237944483757019,50.80701754385965,-2.2115689860081007,10.0
Private Client 7,63,0.9872440099716187,51.70175438596491,-1.7681693710581188,10.0
Private Client 7,64,1.002166509628296,52.91228070175438,-1.4356196598456359,10.0
Private Client 7,65,0.9232243299484253,53.64912280701754,-1.1030699486331494,10.0
Private Client 7,66,0.9416736364364624,50.63157894736842,-0.6596703336831675,10.0
Private Client 7,67,0.8855743408203125,52.56140350877193,-0.3271206224706811,10.0
Private Client 7,68,0.8958554267883301,51.78947368421053,0.005429088741801813,10.0
Private Client 7,69,0.8826602101325989,51.35087719298246,0.44882870369178374,10.0
Private Client 7,70,0.8692082166671753,51.175438596491226,0.7813784149042702,10.0
Private Client 7,71,0.8707550168037415,51.54385964912281,1.1139281261167566,10.0
Private Client 7,72,0.9289234280586243,52.87719298245614,1.557327741066735,10.0
Private Client 7,73,0.8840174674987793,52.35087719298246,2.000727356016717,10.0
Private Client 7,74,0.8911321759223938,52.50877192982456,2.444126970966699,10.0
Private Client 7,75,0.7503507733345032,51.578947368421055,2.7766766821791817,10.0
Private Client 7,76,0.84004145860672,51.24561403508772,3.2200762971291637,10.0
Private Client 7,77,0.7872929573059082,53.19298245614035,3.6634759120791456,10.0
Private Client 7,78,0.812761127948761,53.10526315789474,3.996025623291632,10.0
Private Client 7,79,0.9390357732772827,52.63157894736842,4.328575334504115,10.0
Private Client 7,80,0.7267542481422424,54.333333333333336,4.771974949454097,10.0
Private Client 7,81,0.8487735986709595,52.45614035087719,5.104524660666583,10.0
Private Client 7,82,0.785997211933136,52.280701754385966,5.43707437187907,10.0
Private Client 7,83,0.7407519817352295,51.92982456140351,5.769624083091556,10.0
Private Client 7,84,0.8539614677429199,53.35087719298246,6.102173794304043,10.0
Private Client 7,85,0.7730046510696411,54.05263157894737,6.3238736017790265,10.0
Private Client 7,86,0.7082217931747437,53.280701754385966,6.656423312991513,10.0
Private Client 7,87,0.6956506967544556,52.96491228070175,6.878123120466504,10.0
Private Client 7,88,0.6423834562301636,52.68421052631579,7.321522735416486,10.0
Private Client 7,89,0.6695489883422852,53.12280701754386,7.654072446628972,10.0
Private Client 7,90,0.6912730932235718,51.3859649122807,7.986622157841459,10.0
Private Client 7,91,0.7031545042991638,54.07017543859649,8.430021772791441,10.0
Private Client 7,92,0.7456324696540833,53.75438596491228,8.762571484003928,10.0
Private Client 7,93,0.694409966468811,52.228070175438596,9.205971098953903,10.0
Private Client 7,94,0.6606652140617371,53.70175438596491,9.649370713903885,10.0
Private Client 7,95,0.6528291702270508,53.68421052631579,10.092770328853867,10.0
Private Client 7,96,0.6023045778274536,54.12280701754386,10.425320040066353,10.0
Private Client 7,97,0.6893194913864136,54.03508771929825,10.868719655016335,10.0
Private Client 7,98,0.5989826917648315,54.01754385964912,11.201269366228821,10.0
Private Client 7,99,0.6807520389556885,52.94736842105263,11.644668981178803,10.0
Private Client 8,0,2.2972512245178223,7.754385964912281,-26.044298289569568,10.0
Private Client 8,1,2.292778968811035,10.350877192982455,-25.71174857835708,10.0
Private Client 8,2,2.288540840148926,14.771929824561404,-25.3791988671446,10.0
Private Client 8,3,2.2716598510742188,15.070175438596491,-25.157499059669608,10.0
Private Client 8,4,2.265819787979126,18.280701754385966,-24.60324954098213,10.0
Private Client 8,5,2.2598674297332764,18.771929824561404,-24.270699829769644,10.0
Private Client 8,6,2.246081829071045,21.228070175438596,-23.93815011855716,10.0
Private Client 8,7,2.241882801055908,23.719298245614034,-23.605600407344674,10.0
Private Client 8,8,2.243302345275879,25.50877192982456,-23.383900599869683,10.0
Private Client 8,9,2.2182934284210205,26.964912280701753,-22.9405009849197,10.0
Private Client 8,10,2.1999292373657227,28.70175438596491,-22.718801177444714,10.0
Private Client 8,11,2.198152780532837,31.54385964912281,-22.275401562494732,10.0
Private Client 8,12,2.189577579498291,31.68421052631579,-21.942851851282246,10.0
Private Client 8,13,2.16335129737854,32.24561403508772,-21.61030214006976,10.0
Private Client 8,14,2.1857476234436035,31.842105263157894,-21.277752428857273,10.0
Private Client 8,15,2.1655468940734863,34.24561403508772,-20.94520271764479,10.0
Private Client 8,16,2.1586432456970215,36.3859649122807,-20.612653006432303,10.0
Private Client 8,17,2.1279492378234863,38.35087719298246,-20.280103295219817,10.0
Private Client 8,18,2.1066555976867676,39.12280701754386,-19.947553584007334,10.0
Private Client 8,19,2.1051645278930664,38.280701754385966,-19.615003872794848,10.0
Private Client 8,20,2.079864025115967,39.05263157894737,-19.28245416158236,10.0
Private Client 8,21,2.090287446975708,38.578947368421055,-18.949904450369875,10.0
Private Client 8,22,2.084134578704834,37.73684210526316,-18.506504835419893,10.0
Private Client 8,23,2.02740216255188,39.59649122807018,-18.17395512420741,10.0
Private Client 8,24,2.042067527770996,40.3859649122807,-17.95225531673242,10.0
Private Client 8,25,2.0222010612487793,40.85964912280702,-17.619705605519933,10.0
Private Client 8,26,2.0004820823669434,39.98245614035088,-17.176305990569954,10.0
Private Client 8,27,1.998311996459961,41.87719298245614,-16.622056471882477,10.0
Private Client 8,28,1.9531364440917969,43.01754385964912,-16.178656856932495,10.0
Private Client 8,29,1.9576733112335205,43.07017543859649,-15.846107145720012,10.0
Private Client 8,30,1.9021602869033813,44.578947368421055,-15.40270753077003,10.0
Private Client 8,31,1.9083772897720337,44.49122807017544,-15.070157819557544,10.0
Private Client 8,32,1.8853899240493774,42.94736842105263,-14.848458012082553,10.0
Private Client 8,33,1.8887971639633179,42.78947368421053,-14.405058397132574,10.0
Private Client 8,34,1.8373218774795532,44.96491228070175,-13.961658782182592,10.0
Private Client 8,35,1.809725046157837,46.228070175438596,-13.51825916723261,10.0
Private Client 8,36,1.792978286743164,45.10526315789474,-13.074859552282632,10.0
Private Client 8,37,1.758885145187378,45.59649122807018,-12.853159744807641,10.0
Private Client 8,38,1.7306894063949585,45.10526315789474,-12.40976012985766,10.0
Private Client 8,39,1.6441946029663086,43.63157894736842,-11.966360514907677,10.0
Private Client 8,40,1.667842149734497,44.92982456140351,-11.522960899957699,10.0
Private Client 8,41,1.6649787425994873,44.31578947368421,-11.190411188745212,10.0
Private Client 8,42,1.6001312732696533,44.92982456140351,-10.857861477532726,10.0
Private Client 8,43,1.5828465223312378,46.1578947368421,-10.414461862582744,10.0
Private Client 8,44,1.5541397333145142,46.8421052631579,-9.86021234389527,10.0
Private Client 8,45,1.595435380935669,46.175438596491226,-9.527662632682784,10.0
Private Client 8,46,1.5209906101226807,47.89473684210526,-9.084263017732802,10.0
Private Client 8,47,1.4673268795013428,48.280701754385966,-8.64086340278282,10.0
Private Client 8,48,1.4124643802642822,46.94736842105263,-8.197463787832842,10.0
Private Client 8,49,1.4220257997512817,48.31578947368421,-7.864914076620356,10.0
Private Client 8,50,1.3686658143997192,48.12280701754386,-7.53236436540787,10.0
Private Client 8,51,1.3668912649154663,47.96491228070175,-7.199814654195387,10.0
Private Client 8,52,1.3688191175460815,47.98245614035088,-6.756415039245405,10.0
Private Client 8,53,1.271531581878662,48.6140350877193,-6.423865328032918,10.0
Private Client 8,54,1.2231228351593018,48.31578947368421,-6.091315616820432,10.0
Private Client 8,55,1.2503688335418701,47.80701754385965,-5.869615809345441,10.0
Private Client 8,56,1.185102939605713,49.59649122807018,-5.4262161943954625,10.0
Private Client 8,57,1.2382608652114868,47.70175438596491,-5.093666483182976,10.0
Private Client 8,58,1.1853564977645874,48.6140350877193,-4.76111677197049,10.0
Private Client 8,59,1.0823787450790405,49.70175438596491,-4.206867253283016,10.0
Private Client 8,60,1.0537083148956299,50.78947368421053,-3.6526177345955384,10.0
Private Client 8,61,1.1050305366516113,49.64912280701754,-3.320068023383052,10.0
Private Client 8,62,1.02434504032135,49.43859649122807,-2.9875183121705655,10.0
Private Client 8,63,1.0942223072052002,53.08771929824562,-2.6549686009580826,10.0
Private Client 8,64,1.0646159648895264,49.56140350877193,-2.322418889745596,10.0
Private Client 8,65,1.0794013738632202,52.08771929824562,-1.8790192747956143,10.0
Private Client 8,66,0.9367116093635559,50.80701754385965,-1.4356196598456359,10.0
Private Client 8,67,1.0333669185638428,51.56140350877193,-0.992220044895654,10.0
Private Client 8,68,0.9611431360244751,52.43859649122807,-0.548820429945672,10.0
Private Client 8,69,0.9490802884101868,52.719298245614034,-0.2162707187331856,10.0
Private Client 8,70,1.0064716339111328,52.45614035087719,0.1162789924792973,10.0
Private Client 8,71,0.963983416557312,53.80701754385965,0.44882870369178374,10.0
Private Client 8,72,0.8879493474960327,51.228070175438596,0.8922283186417657,10.0
Private Client 8,73,0.9371389150619507,50.85964912280702,1.335627933591744,10.0
Private Client 8,74,0.8276920318603516,51.98245614035088,1.779027548541726,10.0
Private Client 8,75,0.8615660667419434,54.12280701754386,2.222427163491708,10.0
Private Client 8,76,0.7635990381240845,50.6140350877193,2.66582677844169,10.0
Private Client 8,77,0.8103553652763367,52.473684210526315,2.9983764896541727,10.0
Private Client 8,78,0.8949783444404602,50.78947368421053,3.4417761046041546,10.0
Private Client 8,79,0.7575166821479797,52.43859649122807,3.774325815816641,10.0
Private Client 8,80,0.8626497387886047,53.228070175438596,4.217725430766619,10.0
Private Client 8,81,0.7542260885238647,53.45614035087719,4.661125045716601,10.0
Private Client 8,82,0.7239229679107666,51.63157894736842,5.104524660666583,10.0
Private Client 8,83,0.717286229133606,52.68421052631579,5.43707437187907,10.0
Private Client 8,84,0.7321550846099854,53.29824561403509,5.991323890566547,10.0
Private Client 8,85,0.7322726249694824,53.31578947368421,6.3238736017790265,10.0
Private Client 8,86,0.7163933515548706,52.3859649122807,6.767273216729008,10.0
Private Client 8,87,0.7688063383102417,54.280701754385966,7.099822927941495,10.0
Private Client 8,88,0.7695803046226501,53.35087719298246,7.543222542891477,10.0
Private Client 8,89,0.9094898104667664,53.54385964912281,7.986622157841459,10.0
Private Client 8,90,0.7184037566184998,54.78947368421053,8.319171869053946,10.0
Private Client 8,91,0.6726166009902954,54.24561403508772,8.651721580266432,10.0
Private Client 8,92,0.7355631589889526,54.31578947368421,9.095121195216414,10.0
Private Client 8,93,0.6826962232589722,51.29824561403509,9.53852081016639,10.0
Private Client 8,94,0.7034247517585754,54.35087719298246,9.871070521378876,10.0
Private Client 8,95,0.6497095823287964,54.473684210526315,10.425320040066353,10.0
Private Client 8,96,0.8044692873954773,53.98245614035088,10.868719655016335,10.0
Private Client 8,97,0.6745961308479309,53.96491228070175,11.201269366228821,10.0
Private Client 8,98,0.6092829704284668,53.10526315789474,11.755518884916299,10.0
Private Client 8,99,0.683203399181366,54.1578947368421,12.088068596128778,10.0
Private Client 9,0,2.2973270416259766,7.421052631578948,-25.933448385832072,10.0
Private Client 9,1,2.3017630577087402,10.280701754385966,-25.60089867461959,10.0
Private Client 9,2,2.283259868621826,16.19298245614035,-25.046649155932112,10.0
Private Client 9,3,2.275603771209717,15.894736842105264,-24.714099444719626,10.0
Private Client 9,4,2.263131856918335,18.87719298245614,-24.270699829769644,10.0
Private Client 9,5,2.2621448040008545,20.280701754385966,-23.93815011855716,10.0
Private Client 9,6,2.2500123977661133,22.68421052631579,-23.605600407344674,10.0
Private Client 9,7,2.250305414199829,22.50877192982456,-23.162200792394692,10.0
Private Client 9,8,2.235793113708496,25.24561403508772,-22.718801177444714,10.0
Private Client 9,9,2.2189059257507324,25.736842105263158,-22.386251466232228,10.0
Private Client 9,10,2.2276196479797363,28.087719298245613,-22.05370175501974,10.0
Private Client 9,11,2.202695846557617,29.140350877192983,-21.61030214006976,10.0
Private Client 9,12,2.195582151412964,31.789473684210527,-21.277752428857273,10.0
Private Client 9,13,2.1882338523864746,32.175438596491226,-20.94520271764479,10.0
Private Client 9,14,2.160487174987793,35.05263157894737,-20.612653006432303,10.0
Private Client 9,15,2.151207447052002,38.03508771929825,-20.169253391482325,10.0
Private Client 9,16,2.134699583053589,36.35087719298246,-19.725853776532343,10.0
Private Client 9,17,2.1095261573791504,38.01754385964912,-19.393304065319857,10.0
Private Client 9,18,2.1371350288391113,38.771929824561404,-19.06075435410737,10.0
Private Client 9,19,2.096251964569092,39.719298245614034,-18.61735473915739,10.0
Private Client 9,20,2.089472532272339,41.64912280701754,-18.3956549316824,10.0
Private Client 9,21,2.0844693183898926,41.63157894736842,-17.95225531673242,10.0
Private Client 9,22,2.0198910236358643,42.73684210526316,-17.619705605519933,10.0
Private Client 9,23,2.0375561714172363,42.05263157894737,-17.28715589430745,10.0
Private Client 9,24,2.009695053100586,43.03508771929825,-16.843756279357468,10.0
Private Client 9,25,2.0084011554718018,45.0,-16.400356664407486,10.0
Private Client 9,26,1.9691002368927002,44.771929824561404,-16.067806953195003,10.0
Private Client 9,27,1.9517101049423218,44.96491228070175,-15.624407338245021,10.0
Private Client 9,28,1.9087949991226196,43.75438596491228,-15.070157819557544,10.0
Private Client 9,29,1.919033408164978,42.78947368421053,-14.626758204607565,10.0
Private Client 9,30,1.9131412506103516,45.85964912280702,-14.294208493395079,10.0
Private Client 9,31,1.8627475500106812,46.03508771929825,-13.961658782182592,10.0
Private Client 9,32,1.8500401973724365,44.59649122807018,-13.629109070970106,10.0
Private Client 9,33,1.8880923986434937,46.8421052631579,-13.29655935975762,10.0
Private Client 9,34,1.8488976955413818,45.824561403508774,-12.964009648545137,10.0
Private Client 9,35,1.7776178121566772,46.59649122807018,-12.63145993733265,10.0
Private Client 9,36,1.7521846294403076,46.78947368421053,-12.298910226120164,10.0
Private Client 9,37,1.7317683696746826,47.63157894736842,-11.966360514907677,10.0
Private Client 9,38,1.710452675819397,47.68421052631579,-11.522960899957699,10.0
Private Client 9,39,1.7286382913589478,47.31578947368421,-11.190411188745212,10.0
Private Client 9,40,1.6283286809921265,47.19298245614035,-10.857861477532726,10.0
Private Client 9,41,1.5709631443023682,49.63157894736842,-10.414461862582744,10.0
Private Client 9,42,1.6511815786361694,49.578947368421055,-9.971062247632766,10.0
Private Client 9,43,1.4770210981369019,49.719298245614034,-9.63851253642028,10.0
Private Client 9,44,1.5481741428375244,47.98245614035088,-9.195112921470297,10.0
Private Client 9,45,1.500357747077942,48.175438596491226,-8.64086340278282,10.0
Private Client 9,46,1.4962537288665771,49.89473684210526,-8.308313691570337,10.0
Private Client 9,47,1.4631593227386475,49.666666666666664,-7.9757639803578515,10.0
Private Client 9,48,1.3627182245254517,49.75438596491228,-7.643214269145365,10.0
Private Client 9,49,1.3153209686279297,51.73684210526316,-7.310664557932879,10.0
Private Client 9,50,1.3345072269439697,48.08771929824562,-6.978114846720396,10.0
Private Client 9,51,1.2986854314804077,51.35087719298246,-6.534715231770414,10.0
Private Client 9,52,1.2626861333847046,49.8421052631579,-6.202165520557927,10.0
Private Client 9,53,1.3387959003448486,50.36842105263158,-5.869615809345441,10.0
Private Client 9,54,1.1594772338867188,50.333333333333336,-5.4262161943954625,10.0
Private Client 9,55,1.2538174390792847,51.12280701754386,-5.093666483182976,10.0
Private Client 9,56,1.2233502864837646,51.26315789473684,-4.650266868232994,10.0
Private Client 9,57,1.1634079217910767,51.49122807017544,-4.317717157020511,10.0
Private Client 9,58,1.0885156393051147,51.49122807017544,-3.985167445808025,10.0
Private Client 9,59,1.0948164463043213,53.49122807017544,-3.6526177345955384,10.0
Private Client 9,60,1.028496503829956,51.92982456140351,-3.320068023383052,10.0
Private Client 9,61,1.052295207977295,52.6140350877193,-2.9875183121705655,10.0
Private Client 9,62,0.968706488609314,51.666666666666664,-2.6549686009580826,10.0
Private Client 9,63,0.9454013109207153,51.98245614035088,-2.2115689860081007,10.0
Private Client 9,64,0.9375362396240234,52.68421052631579,-1.8790192747956143,10.0
Private Client 9,65,0.9122992753982544,52.50877192982456,-1.5464695635831314,10.0
Private Client 9,66,0.8987970352172852,51.96491228070175,-1.1030699486331494,10.0
Private Client 9,67,0.9245957136154175,52.91228070175438,-0.770520237420663,10.0
Private Client 9,68,0.8879222869873047,53.19298245614035,-0.43797052620817656,10.0
Private Client 9,69,0.8870100975036621,51.666666666666664,0.005429088741801813,10.0
Private Client 9,70,0.8351845741271973,51.8421052631579,0.33797879995428826,10.0
Private Client 9,71,0.8511557579040527,53.68421052631579,0.6705285111667747,10.0
Private Client 9,72,0.8189514875411987,52.719298245614034,1.1139281261167566,10.0
Private Client 9,73,0.7556006908416748,53.21052631578947,1.4464778373292395,10.0
Private Client 9,74,0.8110654950141907,52.719298245614034,1.8898774522792214,10.0
Private Client 9,75,0.7907764315605164,53.19298245614035,2.1115772597542124,10.0
Private Client 9,76,0.8073397874832153,52.719298245614034,2.444126970966699,10.0
Private Client 9,77,0.8255693316459656,51.6140350877193,2.66582677844169,10.0
Private Client 9,78,0.7734580039978027,52.473684210526315,3.109226393391668,10.0
Private Client 9,79,0.7884119153022766,54.12280701754386,3.4417761046041546,10.0
Private Client 9,80,0.7414318919181824,53.19298245614035,3.774325815816641,10.0
Private Client 9,81,0.7278128862380981,52.59649122807018,4.1068755270291275,10.0
Private Client 9,82,0.7773257493972778,53.21052631578947,4.550275141979106,10.0
Private Client 9,83,0.6922606825828552,52.333333333333336,4.993674756929088,10.0
Private Client 9,84,0.7264809608459473,53.175438596491226,5.326224468141574,10.0
Private Client 9,85,0.6882253885269165,53.08771929824562,5.880473986829052,10.0
Private Client 9,86,0.7093216180801392,54.1578947368421,6.213023698041538,10.0
Private Client 9,87,0.7212294936180115,53.526315789473685,6.545573409254017,10.0
Private Client 9,88,0.7412901520729065,54.87719298245614,6.988973024203999,10.0
Private Client 9,89,0.6144102811813354,53.96491228070175,7.321522735416486,10.0
Private Client 9,90,0.5971132516860962,54.35087719298246,7.764922350366468,10.0
Private Client 9,91,0.6489344835281372,53.75438596491228,8.319171869053946,10.0
Private Client 9,92,0.6676200032234192,55.45614035087719,8.762571484003928,10.0
Private Client 9,93,0.6560136079788208,53.94736842105263,9.095121195216414,10.0
Private Client 9,94,0.6494815349578857,54.719298245614034,9.53852081016639,10.0
Private Client 9,95,0.6224629878997803,54.92982456140351,9.981920425116371,10.0
Private Client 9,96,0.6705101132392883,55.824561403508774,10.536169943803849,10.0
Private Client 9,97,0.5972784757614136,55.07017543859649,10.868719655016335,10.0
Private Client 9,98,0.6187812089920044,53.68421052631579,11.312119269966317,10.0
Private Client 9,99,0.57298743724823,53.85964912280702,11.755518884916299,10.0
