client,epoch,loss,training_accuracy,epsilon,delta
Private Client 0,0,2.296623468399048,8.31578947368421,-25.490026762972235,10.0
Private Client 0,1,2.3100192546844482,7.087719298245614,-24.824910834614872,10.0
Private Client 0,2,2.296316623687744,9.578947368421053,-24.15979490625751,10.0
Private Client 0,3,2.2721402645111084,10.368421052631579,-23.27297366844769,10.0
Private Client 0,4,2.2593462467193604,11.12280701754386,-22.386152430637875,10.0
Private Client 0,5,2.2686619758605957,13.491228070175438,-21.72103650228051,10.0
Private Client 0,6,2.2604525089263916,15.298245614035087,-20.834215264470693,10.0
Private Client 0,7,2.246985673904419,18.63157894736842,-19.947394026660874,10.0
Private Client 0,8,2.2537968158721924,22.29824561403509,-19.060572788851054,10.0
Private Client 0,9,2.2335472106933594,22.63157894736842,-18.39545686049369,10.0
Private Client 0,10,2.2163166999816895,25.05263157894737,-17.73034093213633,10.0
Private Client 0,11,2.2137911319732666,26.63157894736842,-16.84351969432651,10.0
Private Client 0,12,2.204075336456299,26.92982456140351,-15.956698456516694,10.0
Private Client 0,13,2.2041451930999756,30.894736842105264,-15.291582528159331,10.0
Private Client 0,14,2.19020414352417,31.57894736842105,-14.626466599801965,10.0
Private Client 0,15,2.160848617553711,32.68421052631579,-13.961350671444603,10.0
Private Client 0,16,2.1669249534606934,33.228070175438596,-13.517940052539693,10.0
Private Client 0,17,2.1192409992218018,36.01754385964912,-12.40941350527742,10.0
Private Client 0,18,2.139000177383423,33.73684210526316,-11.522592267467605,10.0
Private Client 0,19,2.117136001586914,35.98245614035088,-10.857476339110239,10.0
Private Client 0,20,2.1156442165374756,38.6140350877193,-10.414065720205329,10.0
Private Client 0,21,2.1013100147247314,38.526315789473685,-9.527244482395513,10.0
Private Client 0,22,2.076855182647705,39.175438596491226,-8.862128554038147,10.0
Private Client 0,23,2.0631299018859863,41.0,-8.197012625680784,10.0
Private Client 0,24,2.036316394805908,41.64912280701754,-7.531896697323423,10.0
Private Client 0,25,2.0173563957214355,43.1578947368421,-6.86678076896606,10.0
Private Client 0,26,2.007662296295166,43.280701754385966,-6.201664840608694,10.0
Private Client 0,27,2.027608871459961,43.80701754385965,-5.536548912251331,10.0
Private Client 0,28,1.945726752281189,43.175438596491226,-4.8714329838939685,10.0
Private Client 0,29,1.9537492990493774,43.01754385964912,-3.9846117460841493,10.0
Private Client 0,30,1.9200414419174194,43.94736842105263,-3.3194958177267866,10.0
Private Client 0,31,1.8946590423583984,45.50877192982456,-2.654379889369424,10.0
Private Client 0,32,1.8845008611679077,43.45614035087719,-1.7675586515596047,10.0
Private Client 0,33,1.8701229095458984,44.56140350877193,-0.8807374137497854,10.0
Private Client 0,34,1.7869659662246704,43.3859649122807,-0.21562148539242276,10.0
Private Client 0,35,1.8001407384872437,46.3859649122807,0.8929050618698495,10.0
Private Client 0,36,1.7615703344345093,46.280701754385966,1.7797262996796688,10.0
Private Client 0,37,1.743463158607483,45.12280701754386,2.4448422280370314,10.0
Private Client 0,38,1.7175991535186768,46.03508771929825,3.109958156394394,10.0
Private Client 0,39,1.667093276977539,47.12280701754386,4.218484703656666,10.0
Private Client 0,40,1.6553163528442383,45.89473684210526,5.105305941466486,10.0
Private Client 0,41,1.6050208806991577,45.49122807017544,5.992127179276301,10.0
Private Client 0,42,1.5399764776229858,46.771929824561404,6.4355377981812145,10.0
Private Client 0,43,1.4936257600784302,46.3859649122807,7.100653726538574,10.0
Private Client 0,44,1.4701225757598877,47.36842105263158,7.987474964348393,10.0
Private Client 0,45,1.4280354976654053,47.666666666666664,8.65259089270576,10.0
Private Client 0,46,1.4623113870620728,47.50877192982456,9.317706821063119,10.0
Private Client 0,47,1.4070101976394653,47.578947368421055,9.982822749420485,10.0
Private Client 0,48,1.3415250778198242,49.87719298245614,10.647938677777852,10.0
Private Client 0,49,1.3218848705291748,48.1578947368421,11.534759915587664,10.0
Private Client 1,0,2.3037972450256348,5.578947368421052,-25.490026762972235,10.0
Private Client 1,1,2.2963643074035645,8.350877192982455,-24.824910834614872,10.0
Private Client 1,2,2.283348560333252,13.105263157894736,-23.938089596805053,10.0
Private Client 1,3,2.282097816467285,14.0,-23.27297366844769,10.0
Private Client 1,4,2.253364086151123,15.157894736842104,-22.386152430637875,10.0
Private Client 1,5,2.2584331035614014,16.36842105263158,-21.499331192828055,10.0
Private Client 1,6,2.259713888168335,16.017543859649123,-20.834215264470693,10.0
Private Client 1,7,2.2184958457946777,17.29824561403509,-19.947394026660874,10.0
Private Client 1,8,2.2468583583831787,17.24561403508772,-19.28227809830351,10.0
Private Client 1,9,2.2122931480407715,20.17543859649123,-18.39545686049369,10.0
Private Client 1,10,2.2376418113708496,21.526315789473685,-17.73034093213633,10.0
Private Client 1,11,2.2115437984466553,24.24561403508772,-17.065225003778966,10.0
Private Client 1,12,2.208320140838623,26.333333333333332,-16.178403765969147,10.0
Private Client 1,13,2.193518877029419,28.982456140350877,-15.291582528159331,10.0
Private Client 1,14,2.192715644836426,30.75438596491228,-14.404761290349512,10.0
Private Client 1,15,2.18031907081604,31.526315789473685,-13.73964536199215,10.0
Private Client 1,16,2.1535000801086426,34.50877192982456,-13.074529433634783,10.0
Private Client 1,17,2.156942367553711,34.35087719298246,-12.40941350527742,10.0
Private Client 1,18,2.131859302520752,36.87719298245614,-11.522592267467605,10.0
Private Client 1,19,2.12591290473938,37.666666666666664,-10.857476339110239,10.0
Private Client 1,20,2.127960205078125,39.35087719298246,-9.97065510130042,10.0
Private Client 1,21,2.0926156044006348,39.70175438596491,-9.305539172943057,10.0
Private Client 1,22,2.094442367553711,40.31578947368421,-8.418717935133238,10.0
Private Client 1,23,2.056912899017334,41.526315789473685,-7.753602006775876,10.0
Private Client 1,24,2.060946226119995,41.771929824561404,-6.86678076896606,10.0
Private Client 1,25,2.0154449939727783,41.75438596491228,-6.201664840608694,10.0
Private Client 1,26,2.0183184146881104,41.63157894736842,-5.536548912251331,10.0
Private Client 1,27,1.9822924137115479,43.24561403508772,-4.428022364989059,10.0
Private Client 1,28,1.9666073322296143,42.80701754385965,-3.5412011271792396,10.0
Private Client 1,29,1.956106185913086,43.12280701754386,-3.0977905082743336,10.0
Private Client 1,30,1.9319617748260498,44.98245614035088,-2.4326745799169673,10.0
Private Client 1,31,1.8929593563079834,45.50877192982456,-1.7675586515596047,10.0
Private Client 1,32,1.8950828313827515,43.64912280701754,-1.102442723202242,10.0
Private Client 1,33,1.8007819652557373,45.75438596491228,-0.21562148539242276,10.0
Private Client 1,34,1.8446075916290283,44.87719298245614,0.4494944429649399,10.0
Private Client 1,35,1.783042311668396,44.473684210526315,1.1146103713223026,10.0
Private Client 1,36,1.7379661798477173,43.80701754385965,2.001431609132122,10.0
Private Client 1,37,1.7619285583496094,45.12280701754386,2.6665475374894845,10.0
Private Client 1,38,1.709552526473999,48.280701754385966,3.5533687752993037,10.0
Private Client 1,39,1.7148116827011108,47.280701754385966,4.218484703656666,10.0
Private Client 1,40,1.59391188621521,48.08771929824562,4.883600632014029,10.0
Private Client 1,41,1.632838487625122,48.92982456140351,5.770421869823848,10.0
Private Client 1,42,1.47709321975708,47.89473684210526,6.4355377981812145,10.0
Private Client 1,43,1.5242440700531006,47.421052631578945,7.322359035991027,10.0
Private Client 1,44,1.497846245765686,48.70175438596491,7.987474964348393,10.0
Private Client 1,45,1.4874740839004517,46.98245614035088,8.65259089270576,10.0
Private Client 1,46,1.3769451379776,48.07017543859649,9.53941213051558,10.0
Private Client 1,47,1.3921840190887451,48.771929824561404,10.204528058872938,10.0
Private Client 1,48,1.3692524433135986,48.70175438596491,11.091349296682758,10.0
Private Client 1,49,1.3641278743743896,48.87719298245614,11.756465225040124,10.0
Private Client 2,0,2.302003860473633,6.7894736842105265,-25.490026762972235,10.0
Private Client 2,1,2.2891364097595215,9.350877192982455,-24.381500215709963,10.0
Private Client 2,2,2.279289722442627,11.105263157894736,-23.7163842873526,10.0
Private Client 2,3,2.284128189086914,13.491228070175438,-22.82956304954278,10.0
Private Client 2,4,2.279801845550537,14.859649122807017,-22.164447121185418,10.0
Private Client 2,5,2.2545840740203857,15.578947368421053,-21.499331192828055,10.0
Private Client 2,6,2.255140781402588,16.719298245614034,-20.612509955018236,10.0
Private Client 2,7,2.259948968887329,17.07017543859649,-19.947394026660874,10.0
Private Client 2,8,2.257518768310547,19.385964912280702,-19.28227809830351,10.0
Private Client 2,9,2.231199264526367,21.19298245614035,-18.617162169946145,10.0
Private Client 2,10,2.2126357555389404,20.24561403508772,-17.73034093213633,10.0
Private Client 2,11,2.212414026260376,24.29824561403509,-16.84351969432651,10.0
Private Client 2,12,2.204162120819092,26.57894736842105,-16.178403765969147,10.0
Private Client 2,13,2.194131851196289,27.649122807017545,-15.291582528159331,10.0
Private Client 2,14,2.181713581085205,29.210526315789473,-14.626466599801965,10.0
Private Client 2,15,2.1545519828796387,33.75438596491228,-13.961350671444603,10.0
Private Client 2,16,2.1505343914031982,32.24561403508772,-13.29623474308724,10.0
Private Client 2,17,2.1355738639831543,34.68421052631579,-12.187708195824968,10.0
Private Client 2,18,2.129302978515625,35.824561403508774,-11.300886958015148,10.0
Private Client 2,19,2.1285805702209473,36.91228070175438,-10.635771029657786,10.0
Private Client 2,20,2.0551764965057373,39.03508771929825,-9.97065510130042,10.0
Private Client 2,21,2.098893642425537,38.87719298245614,-9.083833863490604,10.0
Private Client 2,22,2.08058500289917,40.24561403508772,-8.197012625680784,10.0
Private Client 2,23,2.058519124984741,41.45614035087719,-7.531896697323423,10.0
Private Client 2,24,2.0543599128723145,42.96491228070175,-6.6450754595136035,10.0
Private Client 2,25,2.0204825401306152,44.05263157894737,-5.536548912251331,10.0
Private Client 2,26,2.0239453315734863,43.64912280701754,-4.649727674441512,10.0
Private Client 2,27,1.983388900756836,44.40350877192982,-3.9846117460841493,10.0
Private Client 2,28,1.9762378931045532,45.35087719298246,-3.3194958177267866,10.0
Private Client 2,29,1.9645929336547852,45.78947368421053,-2.654379889369424,10.0
Private Client 2,30,1.9180576801300049,45.280701754385966,-1.9892639610120577,10.0
Private Client 2,31,1.9097429513931274,46.24561403508772,-1.102442723202242,10.0
Private Client 2,32,1.847145438194275,47.92982456140351,-0.21562148539242276,10.0
Private Client 2,33,1.8236324787139893,46.3859649122807,0.6711997524173965,10.0
Private Client 2,34,1.8100465536117554,46.12280701754386,1.5580209902272122,10.0
Private Client 2,35,1.7678111791610718,46.14035087719298,2.223136918584575,10.0
Private Client 2,36,1.7821037769317627,47.98245614035088,2.888252846941941,10.0
Private Client 2,37,1.7088375091552734,47.05263157894737,3.5533687752993037,10.0
Private Client 2,38,1.6706416606903076,46.59649122807018,4.440190013109123,10.0
Private Client 2,39,1.6615970134735107,46.73684210526316,4.883600632014029,10.0
Private Client 2,40,1.6493690013885498,48.40350877192982,5.770421869823848,10.0
Private Client 2,41,1.6176507472991943,49.6140350877193,6.4355377981812145,10.0
Private Client 2,42,1.4853767156600952,47.578947368421055,7.322359035991027,10.0
Private Client 2,43,1.4961378574371338,49.3859649122807,7.987474964348393,10.0
Private Client 2,44,1.4675748348236084,49.85964912280702,8.65259089270576,10.0
Private Client 2,45,1.428209900856018,50.6140350877193,9.761117439968032,10.0
Private Client 2,46,1.4272819757461548,49.1578947368421,10.426233368325391,10.0
Private Client 2,47,1.4092682600021362,49.719298245614034,11.31305460613521,10.0
Private Client 2,48,1.364121675491333,48.0,12.421581153397483,10.0
Private Client 2,49,1.3037278652191162,49.75438596491228,13.08669708175485,10.0
Private Client 3,0,2.3020787239074707,6.701754385964913,-25.490026762972235,10.0
Private Client 3,1,2.2979395389556885,8.526315789473685,-24.60320552516242,10.0
Private Client 3,2,2.281083583831787,10.140350877192983,-23.938089596805053,10.0
Private Client 3,3,2.2734150886535645,13.052631578947368,-23.27297366844769,10.0
Private Client 3,4,2.2634854316711426,14.350877192982455,-22.386152430637875,10.0
Private Client 3,5,2.258136749267578,14.666666666666666,-21.499331192828055,10.0
Private Client 3,6,2.2687106132507324,16.473684210526315,-20.834215264470693,10.0
Private Client 3,7,2.2581472396850586,19.649122807017545,-20.16909933611333,10.0
Private Client 3,8,2.2420153617858887,20.526315789473685,-19.503983407755964,10.0
Private Client 3,9,2.235586166381836,24.24561403508772,-18.8388674793986,10.0
Private Client 3,10,2.2256956100463867,25.596491228070175,-17.952046241588786,10.0
Private Client 3,11,2.223237991333008,27.350877192982455,-17.065225003778966,10.0
Private Client 3,12,2.2075817584991455,28.140350877192983,-16.178403765969147,10.0
Private Client 3,13,2.1810061931610107,30.894736842105264,-15.291582528159331,10.0
Private Client 3,14,2.191382884979248,29.964912280701753,-14.626466599801965,10.0
Private Client 3,15,2.171560287475586,31.771929824561404,-13.73964536199215,10.0
Private Client 3,16,2.1588282585144043,34.56140350877193,-13.074529433634783,10.0
Private Client 3,17,2.1500179767608643,33.96491228070175,-12.40941350527742,10.0
Private Client 3,18,2.1304917335510254,38.73684210526316,-11.522592267467605,10.0
Private Client 3,19,2.116504430770874,38.59649122807018,-10.635771029657786,10.0
Private Client 3,20,2.0990002155303955,37.578947368421055,-9.97065510130042,10.0
Private Client 3,21,2.0815320014953613,38.63157894736842,-9.083833863490604,10.0
Private Client 3,22,2.0359463691711426,39.719298245614034,-8.197012625680784,10.0
Private Client 3,23,2.049269437789917,40.73684210526316,-7.310191387870966,10.0
Private Client 3,24,2.0085294246673584,40.98245614035088,-6.42337015006115,10.0
Private Client 3,25,2.023841142654419,41.24561403508772,-5.758254221703784,10.0
Private Client 3,26,1.9881019592285156,41.578947368421055,-4.649727674441512,10.0
Private Client 3,27,1.9815152883529663,42.98245614035088,-3.762906436631696,10.0
Private Client 3,28,1.937645673751831,43.80701754385965,-2.876085198821877,10.0
Private Client 3,29,1.906864881515503,43.75438596491228,-1.9892639610120577,10.0
Private Client 3,30,1.9146028757095337,44.43859649122807,-1.102442723202242,10.0
Private Client 3,31,1.9109256267547607,45.3859649122807,-0.21562148539242276,10.0
Private Client 3,32,1.8674503564834595,46.54385964912281,0.4494944429649399,10.0
Private Client 3,33,1.8456590175628662,44.63157894736842,1.1146103713223026,10.0
Private Client 3,34,1.8362128734588623,43.473684210526315,1.7797262996796688,10.0
Private Client 3,35,1.8029744625091553,44.43859649122807,2.4448422280370314,10.0
Private Client 3,36,1.7550411224365234,46.68421052631579,3.109958156394394,10.0
Private Client 3,37,1.7452666759490967,44.45614035087719,3.9967793942042134,10.0
Private Client 3,38,1.718245267868042,45.56140350877193,4.883600632014029,10.0
Private Client 3,39,1.6861903667449951,45.80701754385965,5.548716560371395,10.0
Private Client 3,40,1.6152492761611938,47.26315789473684,6.4355377981812145,10.0
Private Client 3,41,1.6083524227142334,47.54385964912281,7.322359035991027,10.0
Private Client 3,42,1.607386827468872,46.56140350877193,7.987474964348393,10.0
Private Client 3,43,1.5097410678863525,48.29824561403509,8.874296202158213,10.0
Private Client 3,44,1.5067734718322754,47.80701754385965,9.53941213051558,10.0
Private Client 3,45,1.4637905359268188,48.10526315789474,10.204528058872938,10.0
Private Client 3,46,1.470029592514038,47.333333333333336,10.869643987230305,10.0
Private Client 3,47,1.380037546157837,49.6140350877193,11.534759915587664,10.0
Private Client 3,48,1.3638184070587158,49.49122807017544,12.421581153397483,10.0
Private Client 3,49,1.274915099143982,49.12280701754386,13.530107700659755,10.0
Private Client 4,0,2.300104856491089,6.824561403508772,-25.71173207242469,10.0
Private Client 4,1,2.2953760623931885,8.017543859649123,-25.046616144067325,10.0
Private Client 4,2,2.280489683151245,12.456140350877194,-24.15979490625751,10.0
Private Client 4,3,2.2714407444000244,14.31578947368421,-23.051268358995237,10.0
Private Client 4,4,2.270967483520508,14.666666666666666,-22.164447121185418,10.0
Private Client 4,5,2.257719039916992,16.385964912280702,-21.499331192828055,10.0
Private Client 4,6,2.2521164417266846,17.859649122807017,-20.612509955018236,10.0
Private Client 4,7,2.2630817890167236,18.771929824561404,-19.947394026660874,10.0
Private Client 4,8,2.2471237182617188,21.789473684210527,-19.28227809830351,10.0
Private Client 4,9,2.2503345012664795,22.19298245614035,-18.39545686049369,10.0
Private Client 4,10,2.214827299118042,25.54385964912281,-17.508635622683876,10.0
Private Client 4,11,2.215085029602051,26.912280701754387,-16.84351969432651,10.0
Private Client 4,12,2.189694881439209,28.350877192982455,-15.956698456516694,10.0
Private Client 4,13,2.2011263370513916,28.157894736842106,-15.069877218706875,10.0
Private Client 4,14,2.195495128631592,29.736842105263158,-14.183055980897056,10.0
Private Client 4,15,2.1543474197387695,32.75438596491228,-13.29623474308724,10.0
Private Client 4,16,2.1532397270202637,32.94736842105263,-12.631118814729877,10.0
Private Client 4,17,2.147416353225708,36.421052631578945,-11.744297576920058,10.0
Private Client 4,18,2.128216028213501,37.78947368421053,-10.635771029657786,10.0
Private Client 4,19,2.117050886154175,35.50877192982456,-9.97065510130042,10.0
Private Client 4,20,2.094412326812744,39.280701754385966,-9.083833863490604,10.0
Private Client 4,21,2.091373920440674,40.421052631578945,-8.418717935133238,10.0
Private Client 4,22,2.056877613067627,39.6140350877193,-7.753602006775876,10.0
Private Client 4,23,2.064291477203369,40.578947368421055,-6.86678076896606,10.0
Private Client 4,24,2.0458171367645264,42.1578947368421,-6.201664840608694,10.0
Private Client 4,25,2.0306320190429688,43.64912280701754,-5.0931382933464215,10.0
Private Client 4,26,2.0266149044036865,44.40350877192982,-4.428022364989059,10.0
Private Client 4,27,1.9820741415023804,44.91228070175438,-3.3194958177267866,10.0
Private Client 4,28,1.9445377588272095,44.14035087719298,-2.654379889369424,10.0
Private Client 4,29,1.9622917175292969,45.89473684210526,-1.9892639610120577,10.0
Private Client 4,30,1.9079866409301758,45.333333333333336,-1.102442723202242,10.0
Private Client 4,31,1.9033712148666382,44.3859649122807,-0.43732679484487935,10.0
Private Client 4,32,1.884023904800415,45.26315789473684,0.4494944429649399,10.0
Private Client 4,33,1.8545955419540405,44.78947368421053,1.5580209902272122,10.0
Private Client 4,34,1.8130773305892944,45.68421052631579,2.223136918584575,10.0
Private Client 4,35,1.7982425689697266,45.526315789473685,3.109958156394394,10.0
Private Client 4,36,1.7501016855239868,46.666666666666664,3.9967793942042134,10.0
Private Client 4,37,1.7119395732879639,46.526315789473685,4.661895322561576,10.0
Private Client 4,38,1.668829321861267,46.0,5.327011250918939,10.0
Private Client 4,39,1.5929374694824219,46.26315789473684,6.4355377981812145,10.0
Private Client 4,40,1.6226803064346313,47.1578947368421,7.322359035991027,10.0
Private Client 4,41,1.5893328189849854,47.08771929824562,8.430885583253307,10.0
Private Client 4,42,1.5432875156402588,49.31578947368421,9.317706821063119,10.0
Private Client 4,43,1.5556867122650146,47.08771929824562,10.204528058872938,10.0
Private Client 4,44,1.467889428138733,48.280701754385966,10.869643987230305,10.0
Private Client 4,45,1.5163476467132568,49.578947368421055,11.534759915587664,10.0
Private Client 4,46,1.4015100002288818,48.05263157894737,12.19987584394503,10.0
Private Client 4,47,1.4653657674789429,48.89473684210526,13.08669708175485,10.0
Private Client 4,48,1.4613549709320068,48.19298245614035,13.530107700659755,10.0
Private Client 4,49,1.282525658607483,46.91228070175438,14.638634247922027,10.0
Private Client 5,0,2.3113393783569336,7.228070175438597,-25.490026762972235,10.0
Private Client 5,1,2.2980034351348877,10.052631578947368,-24.824910834614872,10.0
Private Client 5,2,2.285212516784668,13.157894736842104,-23.938089596805053,10.0
Private Client 5,3,2.2721571922302246,15.105263157894736,-23.051268358995237,10.0
Private Client 5,4,2.2549309730529785,16.017543859649123,-22.164447121185418,10.0
Private Client 5,5,2.255300998687744,15.543859649122806,-21.277625883375602,10.0
Private Client 5,6,2.2621569633483887,15.807017543859649,-20.612509955018236,10.0
Private Client 5,7,2.2543601989746094,18.94736842105263,-19.947394026660874,10.0
Private Client 5,8,2.230297327041626,20.80701754385965,-19.28227809830351,10.0
Private Client 5,9,2.234658718109131,20.92982456140351,-18.617162169946145,10.0
Private Client 5,10,2.217226505279541,23.842105263157894,-18.17375155104124,10.0
Private Client 5,11,2.201338291168213,26.17543859649123,-17.065225003778966,10.0
Private Client 5,12,2.1896109580993652,26.80701754385965,-16.178403765969147,10.0
Private Client 5,13,2.180683135986328,28.087719298245613,-15.513287837611784,10.0
Private Client 5,14,2.1784558296203613,32.24561403508772,-14.848171909254422,10.0
Private Client 5,15,2.166187047958374,32.40350877192982,-14.404761290349512,10.0
Private Client 5,16,2.1643223762512207,34.6140350877193,-13.73964536199215,10.0
Private Client 5,17,2.1577694416046143,35.6140350877193,-13.074529433634783,10.0
Private Client 5,18,2.130736827850342,37.824561403508774,-12.40941350527742,10.0
Private Client 5,19,2.1236796379089355,37.98245614035088,-11.744297576920058,10.0
Private Client 5,20,2.093430280685425,38.578947368421055,-10.635771029657786,10.0
Private Client 5,21,2.1041083335876465,39.19298245614035,-9.97065510130042,10.0
Private Client 5,22,2.0892653465270996,41.96491228070175,-9.305539172943057,10.0
Private Client 5,23,2.088505268096924,41.54385964912281,-8.640423244585694,10.0
Private Client 5,24,2.0185492038726807,42.56140350877193,-7.975307316228332,10.0
Private Client 5,25,2.0160584449768066,43.01754385964912,-7.088486078418513,10.0
Private Client 5,26,2.0178215503692627,44.01754385964912,-6.42337015006115,10.0
Private Client 5,27,2.0118155479431152,45.6140350877193,-5.758254221703784,10.0
Private Client 5,28,1.992897629737854,45.63157894736842,-5.0931382933464215,10.0
Private Client 5,29,1.939246416091919,45.21052631578947,-4.428022364989059,10.0
Private Client 5,30,1.9090368747711182,44.666666666666664,-3.5412011271792396,10.0
Private Client 5,31,1.918596863746643,44.175438596491226,-2.654379889369424,10.0
Private Client 5,32,1.8351173400878906,46.12280701754386,-1.9892639610120577,10.0
Private Client 5,33,1.865907907485962,45.94736842105263,-1.324148032654695,10.0
Private Client 5,34,1.839714765548706,44.78947368421053,-0.6590321042973324,10.0
Private Client 5,35,1.8157857656478882,45.59649122807018,0.006083824060030274,10.0
Private Client 5,36,1.7706772089004517,45.771929824561404,0.8929050618698495,10.0
Private Client 5,37,1.769749641418457,47.31578947368421,1.5580209902272122,10.0
Private Client 5,38,1.7168833017349243,48.10526315789474,2.223136918584575,10.0
Private Client 5,39,1.6703017950057983,47.08771929824562,3.331663465846847,10.0
Private Client 5,40,1.6531121730804443,45.3859649122807,3.9967793942042134,10.0
Private Client 5,41,1.5769236087799072,48.91228070175438,4.440190013109123,10.0
Private Client 5,42,1.5713826417922974,47.0,5.327011250918939,10.0
Private Client 5,43,1.5507450103759766,49.07017543859649,5.992127179276301,10.0
Private Client 5,44,1.53728449344635,48.64912280701754,6.878948417086121,10.0
Private Client 5,45,1.4604313373565674,48.228070175438596,7.544064345443487,10.0
Private Client 5,46,1.448066234588623,48.59649122807018,8.430885583253307,10.0
Private Client 5,47,1.402009129524231,49.64912280701754,9.096001511610666,10.0
Private Client 5,48,1.3479766845703125,49.96491228070175,9.761117439968032,10.0
Private Client 5,49,1.3292484283447266,49.68421052631579,10.647938677777852,10.0
Private Client 6,0,2.3076720237731934,6.87719298245614,-25.71173207242469,10.0
Private Client 6,1,2.2979722023010254,9.228070175438596,-25.046616144067325,10.0
Private Client 6,2,2.297179698944092,11.807017543859649,-23.938089596805053,10.0
Private Client 6,3,2.279188632965088,13.701754385964913,-23.27297366844769,10.0
Private Client 6,4,2.250042676925659,14.614035087719298,-22.607857740090328,10.0
Private Client 6,5,2.2543208599090576,15.087719298245615,-21.942741811732965,10.0
Private Client 6,6,2.247316360473633,17.228070175438596,-21.499331192828055,10.0
Private Client 6,7,2.24229097366333,18.63157894736842,-20.834215264470693,10.0
Private Client 6,8,2.2301268577575684,19.596491228070175,-20.390804645565783,10.0
Private Client 6,9,2.2230563163757324,23.140350877192983,-19.28227809830351,10.0
Private Client 6,10,2.2168421745300293,22.736842105263158,-18.8388674793986,10.0
Private Client 6,11,2.2094366550445557,26.771929824561404,-17.952046241588786,10.0
Private Client 6,12,2.180396795272827,28.05263157894737,-17.28693031323142,10.0
Private Client 6,13,2.1876094341278076,28.24561403508772,-16.400109075421604,10.0
Private Client 6,14,2.1752772331237793,27.56140350877193,-15.734993147064237,10.0
Private Client 6,15,2.169055461883545,32.29824561403509,-14.848171909254422,10.0
Private Client 6,16,2.1572299003601074,34.24561403508772,-13.961350671444603,10.0
Private Client 6,17,2.167572259902954,33.26315789473684,-13.074529433634783,10.0
Private Client 6,18,2.138399124145508,34.96491228070175,-12.40941350527742,10.0
Private Client 6,19,2.1256535053253174,38.824561403508774,-11.300886958015148,10.0
Private Client 6,20,2.1097044944763184,38.94736842105263,-10.635771029657786,10.0
Private Client 6,21,2.0791192054748535,40.824561403508774,-9.748949791847966,10.0
Private Client 6,22,2.067808151245117,40.175438596491226,-9.083833863490604,10.0
Private Client 6,23,2.0519676208496094,40.3859649122807,-8.197012625680784,10.0
Private Client 6,24,2.038971424102783,42.01754385964912,-7.310191387870966,10.0
Private Client 6,25,2.06526517868042,44.89473684210526,-6.6450754595136035,10.0
Private Client 6,26,2.0259037017822266,43.175438596491226,-5.536548912251331,10.0
Private Client 6,27,1.9937576055526733,42.87719298245614,-4.8714329838939685,10.0
Private Client 6,28,1.9518539905548096,45.175438596491226,-4.206317055536606,10.0
Private Client 6,29,1.9489870071411133,45.98245614035088,-3.3194958177267866,10.0
Private Client 6,30,1.8965647220611572,45.175438596491226,-2.654379889369424,10.0
Private Client 6,31,1.860224962234497,44.80701754385965,-1.9892639610120577,10.0
Private Client 6,32,1.8680912256240845,45.280701754385966,-1.102442723202242,10.0
Private Client 6,33,1.793988823890686,46.68421052631579,-0.43732679484487935,10.0
Private Client 6,34,1.8087791204452515,46.45614035087719,0.22778913351248686,10.0
Private Client 6,35,1.7799962759017944,45.26315789473684,1.1146103713223026,10.0
Private Client 6,36,1.7536942958831787,44.31578947368421,1.5580209902272122,10.0
Private Client 6,37,1.6843490600585938,46.78947368421053,2.4448422280370314,10.0
Private Client 6,38,1.721922516822815,46.35087719298246,3.331663465846847,10.0
Private Client 6,39,1.6632674932479858,48.280701754385966,3.9967793942042134,10.0
Private Client 6,40,1.6451257467269897,45.719298245614034,4.661895322561576,10.0
Private Client 6,41,1.596196174621582,48.0,5.327011250918939,10.0
Private Client 6,42,1.5674678087234497,48.70175438596491,6.213832488728754,10.0
Private Client 6,43,1.5478179454803467,46.6140350877193,7.100653726538574,10.0
Private Client 6,44,1.4906156063079834,48.6140350877193,7.987474964348393,10.0
Private Client 6,45,1.4286080598831177,50.175438596491226,8.65259089270576,10.0
Private Client 6,46,1.4005327224731445,49.05263157894737,9.317706821063119,10.0
Private Client 6,47,1.3948032855987549,49.280701754385966,10.204528058872938,10.0
Private Client 6,48,1.450175404548645,47.3859649122807,11.091349296682758,10.0
Private Client 6,49,1.2747576236724854,49.03508771929825,12.19987584394503,10.0
Private Client 7,0,2.3110411167144775,8.631578947368421,-25.71173207242469,10.0
Private Client 7,1,2.295067310333252,10.631578947368421,-24.824910834614872,10.0
Private Client 7,2,2.282942295074463,11.543859649122806,-23.938089596805053,10.0
Private Client 7,3,2.280197858810425,10.491228070175438,-23.051268358995237,10.0
Private Client 7,4,2.27856707572937,12.631578947368421,-22.386152430637875,10.0
Private Client 7,5,2.2620861530303955,14.736842105263158,-21.499331192828055,10.0
Private Client 7,6,2.256103038787842,16.859649122807017,-20.612509955018236,10.0
Private Client 7,7,2.2379183769226074,16.789473684210527,-19.725688717208417,10.0
Private Client 7,8,2.2327685356140137,19.0,-19.28227809830351,10.0
Private Client 7,9,2.2215189933776855,22.31578947368421,-18.39545686049369,10.0
Private Client 7,10,2.2200968265533447,22.49122807017544,-17.508635622683876,10.0
Private Client 7,11,2.209834575653076,23.964912280701753,-16.84351969432651,10.0
Private Client 7,12,2.187476634979248,26.50877192982456,-16.178403765969147,10.0
Private Client 7,13,2.1959068775177,27.964912280701753,-15.513287837611784,10.0
Private Client 7,14,2.187610149383545,30.92982456140351,-14.848171909254422,10.0
Private Client 7,15,2.1723551750183105,33.91228070175438,-14.183055980897056,10.0
Private Client 7,16,2.1670920848846436,36.473684210526315,-13.29623474308724,10.0
Private Client 7,17,2.1452858448028564,36.24561403508772,-12.187708195824968,10.0
Private Client 7,18,2.139911413192749,34.8421052631579,-11.522592267467605,10.0
Private Client 7,19,2.117093563079834,37.01754385964912,-10.857476339110239,10.0
Private Client 7,20,2.0960593223571777,38.280701754385966,-10.192360410752876,10.0
Private Client 7,21,2.1011502742767334,38.63157894736842,-9.748949791847966,10.0
Private Client 7,22,2.074594736099243,40.68421052631579,-8.862128554038147,10.0
Private Client 7,23,2.0634050369262695,40.56140350877193,-8.197012625680784,10.0
Private Client 7,24,2.044917583465576,43.3859649122807,-7.531896697323423,10.0
Private Client 7,25,2.016153335571289,45.85964912280702,-6.6450754595136035,10.0
Private Client 7,26,2.009944438934326,45.07017543859649,-5.979959531156241,10.0
Private Client 7,27,1.9804649353027344,45.45614035087719,-4.8714329838939685,10.0
Private Client 7,28,1.9771798849105835,42.70175438596491,-4.206317055536606,10.0
Private Client 7,29,1.952641248703003,43.94736842105263,-3.762906436631696,10.0
Private Client 7,30,1.9235531091690063,45.91228070175438,-3.0977905082743336,10.0
Private Client 7,31,1.9013922214508057,45.07017543859649,-2.2109692704645143,10.0
Private Client 7,32,1.8866409063339233,47.228070175438596,-1.324148032654695,10.0
Private Client 7,33,1.8431202173233032,44.64912280701754,-0.6590321042973324,10.0
Private Client 7,34,1.8153690099716187,47.89473684210526,-0.21562148539242276,10.0
Private Client 7,35,1.8061538934707642,47.78947368421053,0.4494944429649399,10.0
Private Client 7,36,1.7327569723129272,44.40350877192982,1.5580209902272122,10.0
Private Client 7,37,1.7204406261444092,46.40350877192982,2.223136918584575,10.0
Private Client 7,38,1.6565415859222412,45.43859649122807,3.331663465846847,10.0
Private Client 7,39,1.6626230478286743,48.280701754385966,3.9967793942042134,10.0
Private Client 7,40,1.6295967102050781,48.03508771929825,4.661895322561576,10.0
Private Client 7,41,1.62350594997406,49.526315789473685,5.770421869823848,10.0
Private Client 7,42,1.5673960447311401,48.578947368421055,6.4355377981812145,10.0
Private Client 7,43,1.509015440940857,48.63157894736842,7.322359035991027,10.0
Private Client 7,44,1.3975754976272583,48.10526315789474,8.209180273800847,10.0
Private Client 7,45,1.4152257442474365,50.01754385964912,8.874296202158213,10.0
Private Client 7,46,1.433305025100708,49.24561403508772,9.761117439968032,10.0
Private Client 7,47,1.3631680011749268,47.73684210526316,10.647938677777852,10.0
Private Client 7,48,1.3422083854675293,50.80701754385965,11.31305460613521,10.0
Private Client 7,49,1.3424595594406128,50.19298245614035,12.19987584394503,10.0
Private Client 8,0,2.292574405670166,6.385964912280702,-25.933437381877145,10.0
Private Client 8,1,2.294173002243042,9.473684210526315,-25.268321453519782,10.0
Private Client 8,2,2.291550636291504,12.017543859649123,-24.15979490625751,10.0
Private Client 8,3,2.2797417640686035,11.403508771929825,-23.494678977900147,10.0
Private Client 8,4,2.261134624481201,13.385964912280702,-22.82956304954278,10.0
Private Client 8,5,2.251254081726074,14.929824561403509,-22.164447121185418,10.0
Private Client 8,6,2.253309488296509,15.929824561403509,-21.72103650228051,10.0
Private Client 8,7,2.2407801151275635,16.68421052631579,-21.055920573923146,10.0
Private Client 8,8,2.2406668663024902,18.859649122807017,-20.16909933611333,10.0
Private Client 8,9,2.2258710861206055,19.964912280701753,-19.28227809830351,10.0
Private Client 8,10,2.2157797813415527,22.666666666666668,-18.39545686049369,10.0
Private Client 8,11,2.211062431335449,24.894736842105264,-17.952046241588786,10.0
Private Client 8,12,2.1928844451904297,26.87719298245614,-17.065225003778966,10.0
Private Client 8,13,2.1855416297912598,28.17543859649123,-16.178403765969147,10.0
Private Client 8,14,2.1830875873565674,29.526315789473685,-15.291582528159331,10.0
Private Client 8,15,2.1800124645233154,31.035087719298247,-14.626466599801965,10.0
Private Client 8,16,2.1574299335479736,33.73684210526316,-13.961350671444603,10.0
Private Client 8,17,2.1543827056884766,32.10526315789474,-13.29623474308724,10.0
Private Client 8,18,2.1252856254577637,36.73684210526316,-12.40941350527742,10.0
Private Client 8,19,2.1295166015625,37.64912280701754,-11.522592267467605,10.0
Private Client 8,20,2.120241641998291,36.78947368421053,-11.079181648562695,10.0
Private Client 8,21,2.1119117736816406,39.26315789473684,-10.414065720205329,10.0
Private Client 8,22,2.0830113887786865,40.87719298245614,-9.748949791847966,10.0
Private Client 8,23,2.092721462249756,41.228070175438596,-9.083833863490604,10.0
Private Client 8,24,2.0565686225891113,42.64912280701754,-8.418717935133238,10.0
Private Client 8,25,2.020812511444092,41.73684210526316,-7.753602006775876,10.0
Private Client 8,26,1.9897115230560303,41.94736842105263,-7.088486078418513,10.0
Private Client 8,27,1.9700562953948975,43.59649122807018,-6.201664840608694,10.0
Private Client 8,28,1.9774513244628906,43.6140350877193,-5.314843602798878,10.0
Private Client 8,29,1.9393606185913086,43.56140350877193,-4.206317055536606,10.0
Private Client 8,30,1.9000219106674194,43.175438596491226,-3.3194958177267866,10.0
Private Client 8,31,1.9384349584579468,43.45614035087719,-2.654379889369424,10.0
Private Client 8,32,1.9034509658813477,44.96491228070175,-1.9892639610120577,10.0
Private Client 8,33,1.850806474685669,44.824561403508774,-1.324148032654695,10.0
Private Client 8,34,1.871213674545288,45.824561403508774,-0.21562148539242276,10.0
Private Client 8,35,1.789397954940796,44.666666666666664,0.22778913351248686,10.0
Private Client 8,36,1.7877109050750732,44.59649122807018,0.6711997524173965,10.0
Private Client 8,37,1.7048555612564087,45.70175438596491,1.3363156807747592,10.0
Private Client 8,38,1.6514278650283813,45.31578947368421,2.223136918584575,10.0
Private Client 8,39,1.6768798828125,43.78947368421053,3.109958156394394,10.0
Private Client 8,40,1.6399238109588623,45.80701754385965,3.9967793942042134,10.0
Private Client 8,41,1.6150963306427002,46.10526315789474,4.661895322561576,10.0
Private Client 8,42,1.5792721509933472,46.56140350877193,5.327011250918939,10.0
Private Client 8,43,1.5099462270736694,47.10526315789474,6.213832488728754,10.0
Private Client 8,44,1.4738399982452393,47.666666666666664,6.878948417086121,10.0
Private Client 8,45,1.4703449010849,47.526315789473685,7.544064345443487,10.0
Private Client 8,46,1.3453073501586914,47.75438596491228,7.987474964348393,10.0
Private Client 8,47,1.3668601512908936,46.98245614035088,8.874296202158213,10.0
Private Client 8,48,1.3860641717910767,48.31578947368421,9.53941213051558,10.0
Private Client 8,49,1.2963229417800903,50.01754385964912,10.426233368325391,10.0
Private Client 9,0,2.2998785972595215,5.526315789473684,-25.71173207242469,10.0
Private Client 9,1,2.2969775199890137,9.052631578947368,-24.824910834614872,10.0
Private Client 9,2,2.284342050552368,12.105263157894736,-23.938089596805053,10.0
Private Client 9,3,2.2650222778320312,12.947368421052632,-23.27297366844769,10.0
Private Client 9,4,2.2709269523620605,13.719298245614034,-22.82956304954278,10.0
Private Client 9,5,2.255810022354126,14.894736842105264,-22.164447121185418,10.0
Private Client 9,6,2.24658203125,15.017543859649123,-21.277625883375602,10.0
Private Client 9,7,2.2415645122528076,16.385964912280702,-20.390804645565783,10.0
Private Client 9,8,2.2359373569488525,18.70175438596491,-19.725688717208417,10.0
Private Client 9,9,2.2313456535339355,21.666666666666668,-19.060572788851054,10.0
Private Client 9,10,2.222054958343506,22.07017543859649,-17.952046241588786,10.0
Private Client 9,11,2.1893458366394043,24.771929824561404,-17.28693031323142,10.0
Private Client 9,12,2.1950721740722656,25.017543859649123,-16.400109075421604,10.0
Private Client 9,13,2.193021297454834,29.05263157894737,-15.513287837611784,10.0
Private Client 9,14,2.1812796592712402,33.40350877192982,-14.848171909254422,10.0
Private Client 9,15,2.154693603515625,33.49122807017544,-14.183055980897056,10.0
Private Client 9,16,2.1713082790374756,32.87719298245614,-13.074529433634783,10.0
Private Client 9,17,2.1420187950134277,35.35087719298246,-12.40941350527742,10.0
Private Client 9,18,2.0935287475585938,37.45614035087719,-11.522592267467605,10.0
Private Client 9,19,2.1088356971740723,37.56140350877193,-10.635771029657786,10.0
Private Client 9,20,2.098748207092285,38.31578947368421,-9.748949791847966,10.0
Private Client 9,21,2.0766310691833496,40.01754385964912,-8.862128554038147,10.0
Private Client 9,22,2.088822841644287,41.05263157894737,-8.197012625680784,10.0
Private Client 9,23,2.055201768875122,43.40350877192982,-7.531896697323423,10.0
Private Client 9,24,2.029144287109375,42.824561403508774,-6.6450754595136035,10.0
Private Client 9,25,2.013131618499756,42.94736842105263,-5.979959531156241,10.0
Private Client 9,26,1.9650793075561523,44.63157894736842,-5.536548912251331,10.0
Private Client 9,27,1.951080083847046,41.59649122807018,-4.649727674441512,10.0
Private Client 9,28,1.9386348724365234,44.21052631578947,-3.762906436631696,10.0
Private Client 9,29,1.9476509094238281,44.45614035087719,-2.876085198821877,10.0
Private Client 9,30,1.9045093059539795,46.26315789473684,-2.2109692704645143,10.0
Private Client 9,31,1.883631706237793,46.94736842105263,-1.5458533421071516,10.0
Private Client 9,32,1.843086838722229,45.92982456140351,-0.6590321042973324,10.0
Private Client 9,33,1.8492889404296875,45.50877192982456,0.22778913351248686,10.0
Private Client 9,34,1.813454031944275,47.473684210526315,0.8929050618698495,10.0
Private Client 9,35,1.8083442449569702,46.68421052631579,1.7797262996796688,10.0
Private Client 9,36,1.780879020690918,47.75438596491228,2.6665475374894845,10.0
Private Client 9,37,1.6993389129638672,49.63157894736842,3.331663465846847,10.0
Private Client 9,38,1.6633644104003906,48.03508771929825,3.7750740847517568,10.0
Private Client 9,39,1.6637156009674072,49.35087719298246,4.661895322561576,10.0
Private Client 9,40,1.572951316833496,46.36842105263158,5.548716560371395,10.0
Private Client 9,41,1.5712953805923462,48.89473684210526,6.213832488728754,10.0
Private Client 9,42,1.531648874282837,49.54385964912281,6.878948417086121,10.0
Private Client 9,43,1.4961389303207397,47.92982456140351,7.544064345443487,10.0
Private Client 9,44,1.4409229755401611,48.228070175438596,8.209180273800847,10.0
Private Client 9,45,1.453467607498169,47.29824561403509,8.65259089270576,10.0
Private Client 9,46,1.3822662830352783,48.36842105263158,9.317706821063119,10.0
Private Client 9,47,1.4213052988052368,49.78947368421053,9.982822749420485,10.0
Private Client 9,48,1.3868613243103027,49.473684210526315,10.426233368325391,10.0
Private Client 9,49,1.218909502029419,50.26315789473684,11.091349296682758,10.0
